0 2
1 2
2 2
3 3
4 0
5 1
6 3
7 3
8 2
9 1
10 2
11 4
12 0
13 2
14 2
15 1
16 1
17 1
18 2
19 3
20 2
21 4
22 1
23 3
24 2
25 2
26 2
27 2
28 3
29 1
30 4
31 2
32 4
33 2
34 4
35 1
36 0
37 1
38 2
39 2
40 0
41 0
42 3
43 2
44 3
45 2
46 1
47 3
48 0
49 3
50 4
51 3
52 3
53 2
54 3
55 2
56 4
57 2
58 4
59 3
60 3
61 0
62 2
63 2
64 4
65 1
66 3
67 2
68 3
69 2
70 2
71 2
72 1
73 1
74 3
75 4
76 2
77 3
78 1
79 2
80 3
81 2
82 1
83 1
84 2
85 4
86 1
87 1
88 3
89 2
90 2
91 2
92 3
93 2
94 2
95 2
96 2
97 4
98 2
99 1
100 2
101 2
102 4
103 1
104 3
105 3
106 4
107 2
108 3
109 3
110 2
111 2
112 2
113 3
114 3
115 1
116 0
117 2
118 3
119 0
120 1
121 4
122 2
123 2
124 0
125 0
126 2
127 0
128 2
129 2
130 2
131 2
132 1
133 1
134 0
135 0
136 2
137 0
138 2
139 3
140 1
141 2
142 4
143 1
144 0
145 2
146 2
147 2
148 3
149 4
150 0
151 2
152 2
153 2
154 4
155 2
156 2
157 1
158 0
159 2
160 1
161 4
162 2
163 3
164 4
165 4
166 3
167 0
168 2
169 4
170 2
171 2
172 2
173 2
174 2
175 2
176 1
177 3
178 4
179 2
180 0
181 3
182 2
183 2
184 2
185 2
186 2
187 2
188 4
189 0
190 1
191 1
192 2
193 2
194 2
195 4
196 3
197 2
198 4
199 1
200 2
201 2
202 2
203 3
204 2
205 1
206 3
207 2
208 2
209 0
210 2
211 3
212 1
213 2
214 2
215 1
216 4
217 2
218 2
219 2
220 0
221 3
222 0
223 2
224 2
225 2
226 0
227 2
228 4
229 0
230 4
231 2
232 3
233 4
234 1
235 3
236 3
237 2
238 2
239 4
240 4
241 2
242 3
243 2
244 2
245 4
246 2
247 1
248 2
249 4
250 2
251 2
252 2
253 4
254 2
255 2
256 3
257 0
258 4
259 2
260 3
261 2
262 3
263 4
264 2
265 1
266 2
267 1
268 3
269 3
270 2
271 2
272 3
273 4
274 3
275 2
276 4
277 2
278 4
279 2
280 4
281 2
282 2
283 4
284 4
285 2
286 1
287 2
288 2
289 2
290 3
291 0
292 1
293 4
294 0
295 1
296 1
297 1
298 2
299 3
300 3
301 1
302 2
303 3
304 2
305 2
306 4
307 1
308 3
309 2
310 3
311 2
312 3
313 2
314 2
315 3
316 4
317 2
318 3
319 4
320 1
321 2
322 2
323 3
324 0
325 1
326 2
327 4
328 2
329 3
330 1
331 2
332 2
333 1
334 4
335 3
336 3
337 2
338 1
339 2
340 3
341 3
342 2
343 4
344 1
345 3
346 2
347 3
348 4
349 3
350 2
351 4
352 1
353 2
354 4
355 2
356 4
357 1
358 0
359 3
360 3
361 0
362 2
363 1
364 3
365 2
366 2
367 2
368 1
369 1
370 1
371 4
372 2
373 2
374 2
375 1
376 2
377 1
378 0
379 3
380 2
381 1
382 4
383 2
384 1
385 2
386 2
387 4
388 1
389 0
390 2
391 4
392 1
393 3
394 1
395 1
396 2
397 1
398 4
399 3
400 2
401 1
402 1
403 3
404 1
405 1
406 3
407 3
408 3
409 4
410 3
411 1
412 2
413 2
414 2
415 3
416 0
417 0
418 4
419 0
420 2
421 2
422 2
423 1
424 2
425 0
426 3
427 1
428 2
429 2
430 4
431 3
432 4
433 2
434 2
435 2
436 0
437 4
438 2
439 2
440 2
441 1
442 2
443 2
444 4
445 2
446 2
447 1
448 0
449 1
450 3
451 4
452 2
453 2
454 2
455 2
456 2
457 2
458 2
459 4
460 2
461 2
462 1
463 4
464 2
465 4
466 2
467 2
468 2
469 3
470 4
471 0
472 3
473 1
474 1
475 3
476 1
477 4
478 1
479 1
480 2
481 2
482 0
483 2
484 1
485 2
486 3
487 2
488 2
489 2
490 1
491 3
492 2
493 1
494 1
495 3
496 3
497 1
498 3
499 4
500 4
501 2
502 2
503 1
504 1
505 3
506 3
507 3
508 2
509 4
510 0
511 2
512 2
513 1
514 1
515 1
516 2
517 1
518 1
519 2
520 1
521 0
522 1
523 2
524 3
525 2
526 2
527 3
528 2
529 2
530 4
531 3
532 2
533 2
534 1
535 2
536 2
537 1
538 3
539 2
540 2
541 0
542 3
543 1
544 0
545 3
546 1
547 4
548 3
549 1
550 2
551 2
552 1
553 2
554 2
555 1
556 4
557 2
558 3
559 4
560 2
561 3
562 3
563 3
564 3
565 4
566 3
567 1
568 2
569 1
570 2
571 2
572 2
573 2
574 3
575 4
576 2
577 4
578 4
579 2
580 1
581 3
582 4
583 3
584 4
585 2
586 2
587 4
588 2
589 3
590 4
591 1
592 2
593 0
594 1
595 3
596 0
597 3
598 3
599 1
600 2
601 2
602 4
603 4
604 4
605 4
606 3
607 2
608 2
609 4
610 2
611 2
612 1
613 1
614 2
615 2
616 1
617 2
618 2
619 3
620 2
621 1
622 1
623 1
624 4
625 2
626 2
627 3
628 1
629 2
630 3
631 0
632 3
633 2
634 1
635 4
636 4
637 0
638 2
639 2
640 2
641 4
642 2
643 2
644 0
645 2
646 0
647 2
648 2
649 1
650 0
651 3
652 4
653 2
654 2
655 1
656 1
657 3
658 2
659 2
660 2
661 2
662 3
663 2
664 2
665 1
666 1
667 2
668 1
669 2
670 2
671 1
672 4
673 1
674 4
675 2
676 2
677 1
678 1
679 1
680 3
681 3
682 4
683 2
684 1
685 1
686 2
687 2
688 3
689 4
690 1
691 2
692 2
693 2
694 2
695 2
696 2
697 4
698 1
699 2
700 3
701 2
702 2
703 2
704 2
705 2
706 1
707 4
708 1
709 4
710 2
711 1
712 3
713 3
714 2
715 2
716 2
717 0
718 2
719 4
720 1
721 3
722 1
723 4
724 2
725 2
726 3
727 3
728 1
729 2
730 0
731 0
732 1
733 3
734 4
735 3
736 2
737 2
738 4
739 4
740 1
741 4
742 4
743 3
744 4
745 2
746 1
747 2
748 1
749 3
750 3
751 1
752 1
753 1
754 2
755 3
756 1
757 1
758 3
759 1
760 2
761 4
762 1
763 2
764 4
765 2
766 2
767 4
768 2
769 4
770 2
771 2
772 2
773 2
774 2
775 2
776 2
777 2
778 1
779 4
780 0
781 2
782 1
783 2
784 2
785 1
786 4
787 1
788 4
789 2
790 1
791 2
792 2
793 2
794 4
795 1
796 2
797 3
798 4
799 2
800 4
801 3
802 2
803 2
804 2
805 1
806 4
807 4
808 1
809 0
810 4
811 2
812 1
813 1
814 2
815 1
816 2
817 1
818 2
819 3
820 3
821 3
822 3
823 3
824 1
825 4
826 2
827 4
828 4
829 3
830 2
831 1
832 2
833 2
834 3
835 4
836 2
837 1
838 2
839 4
840 4
841 2
842 3
843 2
844 3
845 2
846 3
847 2
848 1
849 3
850 1
851 3
852 1
853 4
854 2
855 0
856 2
857 1
858 1
859 1
860 2
861 3
862 4
863 3
864 3
865 2
866 0
867 4
868 2
869 2
870 4
871 2
872 2
873 2
874 4
875 1
876 2
877 4
878 2
879 4
880 2
881 2
882 3
883 3
884 4
885 2
886 2
887 3
888 3
889 3
890 1
891 0
892 3
893 2
894 0
895 3
896 4
897 2
898 2
899 2
900 1
901 2
902 2
903 0
904 3
905 4
906 2
907 3
908 1
909 2
910 3
911 3
912 4
913 1
914 3
915 2
916 1
917 4
918 4
919 4
920 3
921 2
922 2
923 3
924 1
925 1
926 4
927 2
928 3
929 2
930 1
931 2
932 3
933 2
934 2
935 0
936 1
937 2
938 3
939 3
940 4
941 2
942 2
943 2
944 0
945 1
946 2
947 3
948 3
949 2
950 0
951 2
952 3
953 2
954 2
955 3
956 1
957 3
958 3
959 4
960 0
961 4
962 4
963 1
964 2
965 0
966 2
967 3
968 1
969 2
970 2
971 3
972 2
973 4
974 1
975 3
976 2
977 2
978 3
979 3
980 4
981 3
982 4
983 2
984 1
985 2
986 1
987 4
988 3
989 2
990 2
991 3
992 2
993 3
994 3
995 2
996 2
997 2
998 4
999 1
1000 3
1001 3
1002 1
1003 2
1004 3
1005 4
1006 4
1007 4
1008 3
1009 3
1010 3
1011 2
1012 4
1013 3
1014 2
1015 0
1016 4
1017 0
1018 4
1019 2
1020 3
1021 2
1022 2
1023 3
1024 4
1025 4
1026 1
1027 1
1028 1
1029 1
1030 1
1031 4
1032 3
1033 3
1034 0
1035 2
1036 1
1037 1
1038 2
1039 3
1040 1
1041 2
1042 2
1043 4
1044 2
1045 4
1046 2
1047 4
1048 0
1049 2
1050 2
1051 3
1052 4
1053 2
1054 3
1055 1
1056 2
1057 2
1058 2
1059 4
1060 2
1061 3
1062 4
1063 2
1064 3
1065 1
1066 1
1067 4
1068 2
1069 4
1070 1
1071 3
1072 4
1073 3
1074 2
1075 4
1076 2
1077 3
1078 3
1079 2
1080 3
1081 1
1082 3
1083 2
1084 2
1085 1
1086 4
1087 2
1088 4
1089 3
1090 2
1091 2
1092 2
1093 1
1094 2
1095 3
1096 2
1097 3
1098 1
1099 2
1100 2
1101 2
1102 3
1103 4
1104 4
1105 3
1106 4
1107 1
1108 4
1109 4
1110 2
1111 1
1112 1
1113 2
1114 2
1115 1
1116 1
1117 4
1118 1
1119 2
1120 4
1121 1
1122 4
1123 3
1124 0
1125 4
1126 2
1127 1
1128 2
1129 4
1130 1
1131 3
1132 2
1133 3
1134 2
1135 2
1136 2
1137 4
1138 3
1139 3
1140 4
1141 4
1142 2
1143 1
1144 2
1145 2
1146 1
1147 4
1148 1
1149 2
1150 1
1151 2
1152 2
1153 2
1154 1
1155 0
1156 1
1157 3
1158 2
1159 1
1160 1
1161 3
1162 1
1163 2
1164 4
1165 1
1166 1
1167 2
1168 1
1169 2
1170 2
1171 2
1172 1
1173 1
1174 1
1175 3
1176 2
1177 1
1178 1
1179 4
1180 2
1181 2
1182 3
1183 3
1184 2
1185 1
1186 2
1187 2
1188 3
1189 4
1190 2
1191 4
1192 2
1193 1
1194 4
1195 4
1196 1
1197 3
1198 3
1199 2
1200 2
1201 2
1202 2
1203 4
1204 4
1205 1
1206 2
1207 1
1208 4
1209 2
1210 1
1211 2
1212 2
1213 2
1214 3
1215 2
1216 2
1217 3
1218 4
1219 0
1220 3
1221 2
1222 1
1223 1
1224 4
1225 1
1226 4
1227 3
1228 1
1229 4
1230 4
1231 1
1232 3
1233 2
1234 2
1235 2
1236 2
1237 3
1238 0
1239 2
1240 2
1241 2
1242 1
1243 4
1244 2
1245 3
1246 4
1247 1
1248 1
1249 1
1250 0
1251 0
1252 1
1253 1
1254 0
1255 2
1256 2
1257 2
1258 3
1259 2
1260 2
1261 3
1262 2
1263 2
1264 3
1265 1
1266 1
1267 3
1268 4
1269 1
1270 2
1271 1
1272 3
1273 3
1274 3
1275 0
1276 1
1277 3
1278 2
1279 4
1280 0
1281 2
1282 4
1283 2
1284 4
1285 1
1286 0
1287 2
1288 2
1289 3
1290 2
1291 4
1292 1
1293 2
1294 1
1295 2
1296 1
1297 3
1298 2
1299 0
1300 3
1301 3
1302 1
1303 2
1304 0
1305 4
1306 4
1307 3
1308 3
1309 3
1310 2
1311 2
1312 0
1313 4
1314 3
1315 3
1316 2
1317 1
1318 2
1319 2
1320 3
1321 3
1322 4
1323 2
1324 3
1325 2
1326 0
1327 4
1328 1
1329 2
1330 1
1331 2
1332 1
1333 0
1334 3
1335 2
1336 2
1337 2
1338 2
1339 2
1340 4
1341 1
1342 1
1343 2
1344 2
1345 1
1346 2
1347 1
1348 3
1349 4
1350 1
1351 3
1352 3
1353 2
1354 1
1355 2
1356 2
1357 3
1358 2
1359 3
1360 4
1361 4
1362 4
1363 4
1364 2
1365 3
1366 1
1367 4
1368 2
1369 2
1370 4
1371 3
1372 1
1373 1
1374 4
1375 3
1376 2
1377 3
1378 1
1379 2
1380 3
1381 3
1382 3
1383 1
1384 4
1385 2
1386 2
1387 1
1388 1
1389 1
1390 4
1391 2
1392 2
1393 1
1394 2
1395 2
1396 3
1397 2
1398 0
1399 4
1400 2
1401 4
1402 1
1403 3
1404 4
1405 1
1406 1
1407 0
1408 3
1409 3
1410 2
1411 1
1412 1
1413 1
1414 2
1415 1
1416 0
1417 2
1418 0
1419 2
1420 2
1421 0
1422 3
1423 3
1424 4
1425 1
1426 1
1427 1
1428 2
1429 3
1430 3
1431 3
1432 3
1433 2
1434 2
1435 2
1436 3
1437 2
1438 4
1439 2
1440 1
1441 3
1442 3
1443 1
1444 1
1445 2
1446 0
1447 2
1448 1
1449 2
1450 3
1451 3
1452 4
1453 4
1454 3
1455 2
1456 3
1457 2
1458 3
1459 2
1460 4
1461 3
1462 2
1463 1
1464 3
1465 4
1466 2
1467 2
1468 3
1469 3
1470 2
1471 2
1472 2
1473 2
1474 3
1475 1
1476 1
1477 2
1478 0
1479 2
1480 0
1481 4
1482 2
1483 2
1484 1
1485 4
1486 2
1487 2
1488 4
1489 2
1490 1
1491 4
1492 1
1493 2
1494 4
1495 2
1496 3
1497 4
1498 4
1499 2
1500 2
1501 2
1502 2
1503 4
1504 1
1505 3
1506 2
1507 3
1508 4
1509 2
1510 4
1511 2
1512 4
1513 2
1514 1
1515 0
1516 2
1517 2
1518 3
1519 2
1520 1
1521 4
1522 2
1523 3
1524 1
1525 0
1526 1
1527 2
1528 4
1529 3
1530 1
1531 1
1532 1
1533 2
1534 3
1535 1
1536 0
1537 2
1538 0
1539 1
1540 1
1541 3
1542 1
1543 3
1544 4
1545 2
1546 3
1547 2
1548 3
1549 1
1550 2
1551 0
1552 2
1553 2
1554 0
1555 4
1556 2
1557 3
1558 2
1559 4
1560 2
1561 1
1562 2
1563 4
1564 2
1565 2
1566 2
1567 2
1568 2
1569 1
1570 0
1571 2
1572 1
1573 2
1574 1
1575 0
1576 1
1577 2
1578 2
1579 1
1580 2
1581 2
1582 2
1583 4
1584 4
1585 1
1586 2
1587 2
1588 0
1589 1
1590 1
1591 4
1592 1
1593 4
1594 0
1595 3
1596 1
1597 4
1598 2
1599 2
1600 1
1601 3
1602 4
1603 2
1604 4
1605 2
1606 1
1607 1
1608 4
1609 2
1610 3
1611 1
1612 3
1613 2
1614 4
1615 3
1616 2
1617 4
1618 2
1619 1
1620 1
1621 2
1622 4
1623 2
1624 2
1625 2
1626 2
1627 3
1628 2
1629 1
1630 2
1631 4
1632 2
1633 2
1634 2
1635 3
1636 3
1637 2
1638 1
1639 3
1640 1
1641 2
1642 2
1643 4
1644 3
1645 3
1646 2
1647 4
1648 0
1649 2
1650 4
1651 4
1652 2
1653 2
1654 3
1655 3
1656 4
1657 2
1658 0
1659 0
1660 2
1661 2
1662 2
1663 2
1664 4
1665 1
1666 2
1667 3
1668 3
1669 3
1670 2
1671 2
1672 2
1673 2
1674 1
1675 2
1676 1
1677 2
1678 3
1679 3
1680 4
1681 4
1682 2
1683 2
1684 2
1685 4
1686 4
1687 4
1688 1
1689 3
1690 4
1691 2
1692 4
1693 2
1694 3
1695 1
1696 2
1697 2
1698 2
1699 1
1700 3
1701 2
1702 3
1703 1
1704 3
1705 2
1706 2
1707 3
1708 1
1709 1
1710 3
1711 0
1712 4
1713 4
1714 0
1715 4
1716 2
1717 2
1718 4
1719 1
1720 3
1721 4
1722 4
1723 2
1724 1
1725 3
1726 2
1727 2
1728 1
1729 2
1730 3
1731 1
1732 1
1733 2
1734 2
1735 2
1736 1
1737 2
1738 2
1739 2
1740 2
1741 0
1742 2
1743 4
1744 1
1745 1
1746 4
1747 1
1748 0
1749 2
1750 2
1751 2
1752 1
1753 1
1754 4
1755 3
1756 2
1757 3
1758 2
1759 3
1760 1
1761 2
1762 2
1763 4
1764 4
1765 0
1766 2
1767 2
1768 1
1769 2
1770 4
1771 2
1772 2
1773 3
1774 2
1775 1
1776 2
1777 4
1778 3
1779 2
1780 0
1781 2
1782 2
1783 1
1784 1
1785 1
1786 1
1787 2
1788 2
1789 4
1790 1
1791 2
1792 3
1793 3
1794 2
1795 2
1796 2
1797 3
1798 2
1799 4
1800 4
1801 4
1802 2
1803 1
1804 0
1805 1
1806 1
1807 1
1808 4
1809 2
1810 2
1811 2
1812 3
1813 3
1814 3
1815 2
1816 0
1817 4
1818 1
1819 3
1820 2
1821 1
1822 2
1823 2
1824 2
1825 0
1826 2
1827 1
1828 4
1829 3
1830 1
1831 1
1832 3
1833 4
1834 2
1835 1
1836 1
1837 3
1838 3
1839 1
1840 1
1841 2
1842 3
1843 2
1844 4
1845 1
1846 1
1847 4
1848 2
1849 2
1850 4
1851 2
1852 0
1853 2
1854 2
1855 3
1856 2
1857 4
1858 3
1859 2
1860 2
1861 1
1862 2
1863 3
1864 1
1865 0
1866 3
1867 4
1868 1
1869 2
1870 4
1871 2
1872 0
1873 3
1874 2
1875 4
1876 2
1877 3
1878 3
1879 2
1880 3
1881 2
1882 0
1883 2
1884 1
1885 2
1886 0
1887 2
1888 1
1889 4
1890 3
1891 1
1892 3
1893 4
1894 2
1895 1
1896 2
1897 3
1898 0
1899 4
1900 1
1901 2
1902 1
1903 0
1904 2
1905 2
1906 0
1907 2
1908 1
1909 3
1910 2
1911 4
1912 1
1913 2
1914 3
1915 2
1916 1
1917 3
1918 3
1919 4
1920 3
1921 1
1922 4
1923 2
1924 2
1925 1
1926 1
1927 3
1928 4
1929 3
1930 1
1931 2
1932 3
1933 2
1934 3
1935 3
1936 2
1937 2
1938 4
1939 0
1940 1
1941 2
1942 2
1943 1
1944 0
1945 2
1946 3
1947 4
1948 2
1949 4
1950 2
1951 4
1952 2
1953 2
1954 2
1955 2
1956 1
1957 4
1958 2
1959 0
1960 1
1961 2
1962 4
1963 0
1964 4
1965 0
1966 1
1967 2
1968 2
1969 2
1970 0
1971 1
1972 1
1973 2
1974 4
1975 3
1976 4
1977 2
1978 4
1979 2
1980 4
1981 2
1982 1
1983 4
1984 3
1985 3
1986 3
1987 0
1988 1
1989 3
1990 4
1991 2
1992 1
1993 2
1994 4
1995 3
1996 2
1997 4
1998 4
1999 4
2000 1
2001 1
2002 3
2003 4
2004 2
2005 2
2006 1
2007 2
2008 2
2009 2
2010 3
2011 2
2012 2
2013 4
2014 1
2015 1
2016 1
2017 1
2018 2
2019 4
2020 2
2021 3
2022 4
2023 2
2024 2
2025 4
2026 1
2027 2
2028 2
2029 4
2030 1
2031 2
2032 2
2033 4
2034 1
2035 2
2036 3
2037 1
2038 2
2039 2
2040 1
2041 1
2042 2
2043 2
2044 1
2045 2
2046 2
2047 2
2048 1
2049 1
2050 2
2051 2
2052 2
2053 1
2054 2
2055 2
2056 4
2057 3
2058 4
2059 1
2060 0
2061 4
2062 4
2063 2
2064 3
2065 2
2066 1
2067 4
2068 3
2069 2
2070 2
2071 0
2072 3
2073 1
2074 3
2075 1
2076 4
2077 3
2078 2
2079 1
2080 3
2081 2
2082 1
2083 2
2084 4
2085 3
2086 2
2087 0
2088 3
2089 4
2090 3
2091 4
2092 3
2093 4
2094 1
2095 4
2096 2
2097 2
2098 2
2099 2
2100 1
2101 2
2102 4
2103 1
2104 3
2105 2
2106 1
2107 2
2108 4
2109 1
2110 2
2111 2
2112 2
2113 2
2114 1
2115 2
2116 0
2117 4
2118 2
2119 2
2120 1
2121 4
2122 4
2123 3
2124 2
2125 3
2126 1
2127 2
2128 1
2129 2
2130 1
2131 3
2132 2
2133 1
2134 2
2135 2
2136 1
2137 1
2138 2
2139 2
2140 2
2141 3
2142 4
2143 4
2144 4
2145 2
2146 2
2147 2
2148 3
2149 2
2150 3
2151 2
2152 1
2153 0
2154 3
2155 1
2156 2
2157 2
2158 2
2159 2
2160 2
2161 4
2162 1
2163 0
2164 2
2165 1
2166 1
2167 2
2168 4
2169 2
2170 3
2171 2
2172 3
2173 2
2174 3
2175 1
2176 2
2177 4
2178 1
2179 4
2180 2
2181 4
2182 3
2183 1
2184 0
2185 3
2186 3
2187 3
2188 1
2189 4
2190 2
2191 1
2192 1
2193 4
2194 1
2195 2
2196 2
2197 0
2198 3
2199 3
2200 0
2201 2
2202 1
2203 2
2204 4
2205 1
2206 4
2207 4
2208 3
2209 2
2210 2
2211 2
2212 4
2213 3
2214 4
2215 4
2216 1
2217 2
2218 0
2219 4
2220 4
2221 3
2222 3
2223 2
2224 4
2225 2
2226 2
2227 3
2228 3
2229 1
2230 1
2231 0
2232 1
2233 0
2234 1
2235 3
2236 4
2237 3
2238 2
2239 2
2240 2
2241 2
2242 4
2243 3
2244 0
2245 4
2246 3
2247 1
2248 2
2249 1
2250 1
2251 3
2252 4
2253 4
2254 4
2255 2
2256 3
2257 2
2258 3
2259 0
2260 4
2261 4
2262 0
2263 2
2264 2
2265 1
2266 1
2267 4
2268 2
2269 1
2270 4
2271 3
2272 3
2273 2
2274 2
2275 3
2276 3
2277 4
2278 4
2279 4
2280 2
2281 4
2282 2
2283 1
2284 2
2285 2
2286 3
2287 3
2288 2
2289 3
2290 0
2291 3
2292 2
2293 1
2294 1
2295 1
2296 2
2297 2
2298 2
2299 3
2300 2
2301 2
2302 4
2303 1
2304 1
2305 2
2306 4
2307 3
2308 2
2309 2
2310 3
2311 2
2312 4
2313 3
2314 2
2315 1
2316 0
2317 4
2318 2
2319 3
2320 3
2321 1
2322 1
2323 2
2324 2
2325 1
2326 3
2327 1
2328 2
2329 0
2330 2
2331 2
2332 2
2333 2
2334 0
2335 2
2336 3
2337 2
2338 3
2339 4
2340 2
2341 3
2342 1
2343 2
2344 2
2345 2
2346 2
2347 3
2348 4
2349 0
2350 0
2351 4
2352 3
2353 1
2354 2
2355 4
2356 2
2357 1
2358 0
2359 2
2360 2
2361 1
2362 4
2363 1
2364 2
2365 1
2366 3
2367 2
2368 2
2369 3
2370 0
2371 2
2372 2
2373 3
2374 2
2375 3
2376 2
2377 4
2378 1
2379 3
2380 2
2381 4
2382 3
2383 1
2384 2
2385 1
2386 2
2387 2
2388 0
2389 2
2390 3
2391 4
2392 2
2393 3
2394 3
2395 3
2396 1
2397 2
2398 3
2399 4
2400 3
2401 4
2402 2
2403 3
2404 1
2405 3
2406 2
2407 1
2408 2
2409 2
2410 2
2411 2
2412 4
2413 3
2414 4
2415 3
2416 0
2417 2
2418 2
2419 3
2420 2
2421 1
2422 3
2423 2
2424 2
2425 1
2426 2
2427 2
2428 4
2429 1
2430 3
2431 2
2432 3
2433 4
2434 4
2435 1
2436 1
2437 2
2438 4
2439 0
2440 2
2441 2
2442 0
2443 2
2444 2
2445 3
2446 2
2447 0
2448 2
2449 2
2450 4
2451 2
2452 1
2453 1
2454 3
2455 2
2456 3
2457 1
2458 4
2459 4
2460 2
2461 0
2462 4
2463 2
2464 2
2465 0
2466 2
2467 3
2468 0
2469 2
2470 0
2471 0
2472 2
2473 2
2474 1
2475 2
2476 2
2477 1
2478 1
2479 4
2480 2
2481 1
2482 2
2483 2
2484 2
2485 4
2486 4
2487 2
2488 3
2489 2
2490 2
2491 2
2492 3
2493 2
2494 4
2495 2
2496 2
2497 2
2498 2
2499 2
2500 4
2501 0
2502 3
2503 2
2504 4
2505 1
2506 2
2507 2
2508 2
2509 1
2510 3
2511 4
2512 2
2513 2
2514 4
2515 3
2516 1
2517 3
2518 1
2519 3
2520 4
2521 4
2522 3
2523 0
2524 2
2525 1
2526 3
2527 0
2528 2
2529 2
2530 2
2531 2
2532 4
2533 1
2534 2
2535 3
2536 4
2537 2
2538 2
2539 1
2540 2
2541 2
2542 3
2543 1
2544 2
2545 4
2546 2
2547 3
2548 2
2549 1
2550 1
2551 1
2552 3
2553 1
2554 2
2555 4
2556 2
2557 2
2558 1
2559 2
2560 2
2561 3
2562 1
2563 4
2564 4
2565 4
2566 2
2567 4
2568 2
2569 3
2570 2
2571 2
2572 3
2573 4
2574 2
2575 3
2576 2
2577 2
2578 2
2579 3
2580 1
2581 2
2582 2
2583 2
2584 3
2585 4
2586 4
2587 2
2588 2
2589 2
2590 2
2591 1
2592 2
2593 3
2594 2
2595 2
2596 3
2597 2
2598 2
2599 1
2600 4
2601 2
2602 3
2603 1
2604 1
2605 1
2606 2
2607 1
2608 2
2609 2
2610 2
2611 2
2612 2
2613 2
2614 2
2615 1
2616 3
2617 1
2618 0
2619 4
2620 1
2621 2
2622 2
2623 2
2624 4
2625 4
2626 4
2627 3
2628 1
2629 1
2630 2
2631 3
2632 0
2633 2
2634 4
2635 2
2636 4
2637 4
2638 2
2639 2
2640 4
2641 3
2642 4
2643 2
2644 2
2645 4
2646 1
2647 0
2648 2
2649 1
2650 2
2651 2
2652 2
2653 1
2654 2
2655 1
2656 2
2657 2
2658 0
2659 3
2660 3
2661 1
2662 2
2663 2
2664 4
2665 4
2666 2
2667 1
2668 1
2669 2
2670 3
2671 2
2672 3
2673 2
2674 2
2675 1
2676 3
2677 1
2678 2
2679 2
2680 2
2681 3
2682 3
2683 3
2684 3
2685 2
2686 4
2687 2
2688 2
2689 4
2690 1
2691 2
2692 2
2693 2
2694 2
2695 3
2696 2
2697 0
2698 0
2699 4
2700 2
2701 2
2702 1
2703 3
2704 1
2705 2
2706 2
2707 4
2708 1
2709 2
2710 2
2711 4
2712 2
2713 2
2714 4
2715 2
2716 2
2717 2
2718 1
2719 2
2720 1
2721 3
2722 1
2723 1
2724 2
2725 4
2726 3
2727 2
2728 2
2729 1
2730 4
2731 1
2732 3
2733 0
2734 4
2735 4
2736 4
2737 1
2738 2
2739 0
2740 4
2741 2
2742 2
2743 2
2744 1
2745 4
2746 4
2747 1
2748 2
2749 2
2750 4
2751 1
2752 3
2753 1
2754 2
2755 1
2756 2
2757 2
2758 1
2759 2
2760 2
2761 1
2762 2
2763 2
2764 2
2765 4
2766 2
2767 2
2768 4
2769 1
2770 2
2771 1
2772 2
2773 4
2774 2
2775 2
2776 2
2777 2
2778 0
2779 4
2780 2
2781 4
2782 1
2783 2
2784 2
2785 1
2786 4
2787 2
2788 2
2789 2
2790 4
2791 4
2792 4
2793 4
2794 2
2795 2
2796 1
2797 2
2798 2
2799 1
2800 2
2801 4
2802 3
2803 1
2804 1
2805 3
2806 3
2807 3
2808 2
2809 3
2810 2
2811 3
2812 3
2813 3
2814 3
2815 4
2816 1
2817 1
2818 2
2819 2
2820 3
2821 3
2822 3
2823 2
2824 2
2825 4
2826 4
2827 2
2828 1
2829 3
2830 2
2831 4
2832 1
2833 2
2834 2
2835 3
2836 3
2837 2
2838 1
2839 4
2840 1
2841 3
2842 4
2843 2
2844 0
2845 3
2846 2
2847 2
2848 2
2849 2
2850 3
2851 2
2852 4
2853 4
2854 3
2855 2
2856 1
2857 2
2858 2
2859 2
2860 2
2861 2
2862 3
2863 1
2864 2
2865 1
2866 4
2867 2
2868 2
2869 3
2870 0
2871 2
2872 2
2873 2
2874 1
2875 2
2876 2
2877 2
2878 2
2879 2
2880 2
2881 2
2882 1
2883 3
2884 4
2885 1
2886 3
2887 1
2888 3
2889 4
2890 2
2891 2
2892 2
2893 4
2894 1
2895 1
2896 4
2897 0
2898 2
2899 4
2900 2
2901 4
2902 2
2903 2
2904 3
2905 0
2906 2
2907 2
2908 2
2909 4
2910 1
2911 3
2912 2
2913 3
2914 2
2915 2
2916 0
2917 2
2918 4
2919 1
2920 1
2921 2
2922 2
2923 2
2924 2
2925 2
2926 3
2927 1
2928 0
2929 2
2930 3
2931 1
2932 1
2933 2
2934 3
2935 2
2936 2
2937 2
2938 1
2939 2
2940 1
2941 2
2942 4
2943 3
2944 2
2945 2
2946 1
2947 3
2948 2
2949 2
2950 2
2951 2
2952 3
2953 2
2954 2
2955 3
2956 3
2957 1
2958 1
2959 2
2960 4
2961 3
2962 4
2963 3
2964 4
2965 2
2966 1
2967 1
2968 4
2969 2
2970 4
2971 1
2972 2
2973 3
2974 2
2975 3
2976 2
2977 2
2978 3
2979 2
2980 3
2981 2
2982 3
2983 3
2984 4
2985 2
2986 1
2987 4
2988 2
2989 0
2990 2
2991 4
2992 4
2993 3
2994 4
2995 2
2996 4
2997 2
2998 3
2999 2
3000 1
3001 4
3002 4
3003 2
3004 1
3005 3
3006 2
3007 3
3008 4
3009 1
3010 2
3011 3
3012 4
3013 2
3014 2
3015 2
3016 1
3017 4
3018 2
3019 0
3020 1
3021 1
3022 2
3023 3
3024 1
3025 4
3026 2
3027 3
3028 3
3029 3
3030 2
3031 2
3032 2
3033 1
3034 2
3035 3
3036 2
3037 1
3038 4
3039 4
3040 4
3041 3
3042 3
3043 1
3044 4
3045 2
3046 1
3047 3
3048 2
3049 2
3050 1
3051 1
3052 1
3053 2
3054 2
3055 3
3056 3
3057 2
3058 4
3059 1
3060 3
3061 1
3062 1
3063 3
3064 1
3065 3
3066 1
3067 3
3068 2
3069 4
3070 4
3071 1
3072 2
3073 2
3074 1
3075 3
3076 2
3077 2
3078 2
3079 1
3080 2
3081 2
3082 0
3083 1
3084 3
3085 3
3086 1
3087 2
3088 3
3089 2
3090 1
3091 2
3092 2
3093 3
3094 4
3095 2
3096 2
3097 1
3098 2
3099 2
3100 2
3101 1
3102 3
3103 2
3104 4
3105 2
3106 2
3107 3
3108 2
3109 2
3110 0
3111 0
3112 3
3113 2
3114 4
3115 2
3116 3
3117 0
3118 1
3119 2
3120 1
3121 1
3122 2
3123 2
3124 2
3125 4
3126 3
3127 4
3128 1
3129 2
3130 2
3131 2
3132 2
3133 2
3134 2
3135 2
3136 4
3137 1
3138 1
3139 0
3140 2
3141 2
3142 0
3143 2
3144 3
3145 4
3146 3
3147 3
3148 3
3149 2
3150 2
3151 2
3152 2
3153 2
3154 0
3155 1
3156 2
3157 3
3158 2
3159 1
3160 3
3161 1
3162 1
3163 4
3164 3
3165 0
3166 2
3167 3
3168 2
3169 4
3170 1
3171 2
3172 2
3173 2
3174 2
3175 1
3176 4
3177 1
3178 2
3179 2
3180 2
3181 2
3182 1
3183 3
3184 2
3185 1
3186 3
3187 2
3188 4
3189 1
3190 2
3191 2
3192 3
3193 1
3194 1
3195 4
3196 1
3197 2
3198 2
3199 2
3200 1
3201 4
3202 3
3203 1
3204 2
3205 2
3206 4
3207 1
3208 4
3209 2
3210 2
3211 1
3212 1
3213 1
3214 1
3215 2
3216 2
3217 3
3218 3
3219 4
3220 2
3221 2
3222 2
3223 2
3224 2
3225 4
3226 0
3227 3
3228 3
3229 3
3230 1
3231 1
3232 4
3233 4
3234 1
3235 2
3236 2
3237 1
3238 3
3239 1
3240 2
3241 2
3242 2
3243 3
3244 1
3245 2
3246 4
3247 4
3248 2
3249 1
3250 2
3251 2
3252 4
3253 3
3254 1
3255 3
3256 2
3257 1
3258 3
3259 1
3260 4
3261 4
3262 2
3263 2
3264 3
3265 1
3266 2
3267 2
3268 3
3269 4
3270 4
3271 2
3272 4
3273 4
3274 2
3275 3
3276 3
3277 1
3278 2
3279 3
3280 3
3281 3
3282 3
3283 2
3284 3
3285 3
3286 4
3287 2
3288 4
3289 1
3290 2
3291 2
3292 2
3293 1
3294 4
3295 1
3296 2
3297 2
3298 2
3299 2
3300 4
3301 2
3302 0
3303 1
3304 3
3305 4
3306 3
3307 4
3308 2
3309 2
3310 2
3311 3
3312 2
3313 4
3314 1
3315 0
3316 4
3317 2
3318 4
3319 4
3320 2
3321 1
3322 0
3323 3
3324 1
3325 2
3326 3
3327 3
3328 0
3329 4
3330 1
3331 1
3332 2
3333 1
3334 2
3335 4
3336 2
3337 2
3338 3
3339 2
3340 2
3341 0
3342 1
3343 2
3344 4
3345 2
3346 2
3347 1
3348 1
3349 2
3350 4
3351 2
3352 4
3353 2
3354 2
3355 2
3356 2
3357 3
3358 2
3359 2
3360 4
3361 2
3362 2
3363 1
3364 2
3365 3
3366 0
3367 2
3368 2
3369 4
3370 3
3371 4
3372 3
3373 2
3374 0
3375 2
3376 2
3377 2
3378 2
3379 2
3380 3
3381 1
3382 4
3383 2
3384 2
3385 4
3386 1
3387 1
3388 3
3389 3
3390 2
3391 1
3392 3
3393 2
3394 4
3395 4
3396 1
3397 0
3398 1
3399 3
3400 4
3401 1
3402 3
3403 3
3404 3
3405 2
3406 3
3407 1
3408 3
3409 1
3410 2
3411 1
3412 2
3413 1
3414 3
3415 4
3416 0
3417 2
3418 1
3419 4
3420 3
3421 4
3422 1
3423 2
3424 4
3425 3
3426 0
3427 3
3428 2
3429 1
3430 1
3431 2
3432 2
3433 0
3434 2
3435 4
3436 1
3437 3
3438 4
3439 1
3440 0
3441 2
3442 0
3443 2
3444 0
3445 3
3446 3
3447 3
3448 1
3449 2
3450 2
3451 2
3452 4
3453 2
3454 2
3455 2
3456 2
3457 4
3458 2
3459 2
3460 2
3461 1
3462 4
3463 3
3464 2
3465 2
3466 3
3467 2
3468 0
3469 3
3470 2
3471 4
3472 3
3473 4
3474 2
3475 3
3476 1
3477 4
3478 0
3479 4
3480 1
3481 1
3482 2
3483 4
3484 0
3485 3
3486 2
3487 2
3488 2
3489 3
3490 3
3491 1
3492 4
3493 4
3494 4
3495 3
3496 4
3497 2
3498 0
3499 4
3500 4
3501 2
3502 2
3503 0
3504 1
3505 4
3506 3
3507 3
3508 1
3509 1
3510 1
3511 2
3512 0
3513 3
3514 3
3515 4
3516 3
3517 1
3518 3
3519 2
3520 2
3521 2
3522 4
3523 4
3524 1
3525 1
3526 1
3527 1
3528 1
3529 4
3530 2
3531 3
3532 3
3533 2
3534 4
3535 4
3536 3
3537 4
3538 0
3539 1
3540 4
3541 2
3542 3
3543 2
3544 3
3545 2
3546 0
3547 1
3548 1
3549 1
3550 2
3551 2
3552 2
3553 2
3554 4
3555 3
3556 2
3557 2
3558 2
3559 2
3560 1
3561 2
3562 1
3563 4
3564 2
3565 1
3566 4
3567 4
3568 2
3569 3
3570 2
3571 4
3572 2
3573 2
3574 4
3575 1
3576 2
3577 4
3578 3
3579 4
3580 1
3581 2
3582 3
3583 2
3584 1
3585 1
3586 3
3587 4
3588 1
3589 2
3590 3
3591 2
3592 4
3593 2
3594 2
3595 3
3596 3
3597 3
3598 2
3599 2
3600 2
3601 3
3602 4
3603 4
3604 4
3605 3
3606 2
3607 1
3608 2
3609 3
3610 2
3611 2
3612 3
3613 2
3614 3
3615 3
3616 4
3617 1
3618 4
3619 2
3620 0
3621 0
3622 1
3623 4
3624 1
3625 2
3626 3
3627 3
3628 2
3629 0
3630 3
3631 4
3632 1
3633 3
3634 3
3635 2
3636 2
3637 2
3638 1
3639 3
3640 2
3641 4
3642 4
3643 0
3644 1
3645 3
3646 0
3647 3
3648 2
3649 3
3650 3
3651 1
3652 0
3653 2
3654 2
3655 3
3656 2
3657 3
3658 3
3659 2
3660 1
3661 3
3662 2
3663 2
3664 2
3665 4
3666 4
3667 4
3668 4
3669 2
3670 2
3671 3
3672 1
3673 2
3674 3
3675 4
3676 2
3677 1
3678 3
3679 1
3680 2
3681 2
3682 3
3683 1
3684 2
3685 2
3686 2
3687 3
3688 4
3689 2
3690 0
3691 3
3692 2
3693 1
3694 2
3695 4
3696 2
3697 2
3698 4
3699 4
3700 2
3701 4
3702 0
3703 3
3704 3
3705 1
3706 4
3707 2
3708 2
3709 3
3710 1
3711 2
3712 3
3713 1
3714 2
3715 1
3716 2
3717 3
3718 4
3719 1
3720 1
3721 1
3722 2
3723 2
3724 1
3725 1
3726 1
3727 0
3728 2
3729 3
3730 0
3731 4
3732 3
3733 2
3734 2
3735 2
3736 4
3737 2
3738 0
3739 3
3740 0
3741 3
3742 1
3743 2
3744 1
3745 2
3746 2
3747 2
3748 2
3749 2
3750 2
3751 4
3752 2
3753 2
3754 4
3755 3
3756 2
3757 0
3758 1
3759 0
3760 2
3761 2
3762 2
3763 4
3764 2
3765 3
3766 3
3767 1
3768 2
3769 2
3770 1
3771 3
3772 2
3773 1
3774 2
3775 4
3776 3
3777 2
3778 2
3779 4
3780 2
3781 2
3782 2
3783 2
3784 2
3785 0
3786 1
3787 4
3788 2
3789 4
3790 4
3791 1
3792 3
3793 2
3794 1
3795 2
3796 2
3797 1
3798 4
3799 0
3800 1
3801 2
3802 0
3803 3
3804 2
3805 2
3806 3
3807 2
3808 4
3809 2
3810 2
3811 2
3812 3
3813 0
3814 2
3815 4
3816 2
3817 0
3818 2
3819 2
3820 4
3821 2
3822 2
3823 2
3824 1
3825 3
3826 4
3827 2
3828 1
3829 3
3830 1
3831 2
3832 4
3833 0
3834 3
3835 2
3836 2
3837 2
3838 2
3839 4
3840 1
3841 4
3842 3
3843 4
3844 3
3845 2
3846 2
3847 3
3848 2
3849 2
3850 2
3851 1
3852 3
3853 4
3854 1
3855 2
3856 1
3857 2
3858 4
3859 2
3860 2
3861 1
3862 3
3863 1
3864 0
3865 2
3866 2
3867 2
3868 2
3869 2
3870 1
3871 2
3872 1
3873 1
3874 1
3875 4
3876 2
3877 2
3878 2
3879 3
3880 3
3881 3
3882 2
3883 2
3884 0
3885 1
3886 1
3887 2
3888 1
3889 2
3890 3
3891 3
3892 2
3893 2
3894 3
3895 3
3896 0
3897 1
3898 3
3899 3
3900 4
3901 1
3902 2
3903 2
3904 1
3905 3
3906 2
3907 2
3908 2
3909 1
3910 3
3911 2
3912 1
3913 2
3914 3
3915 2
3916 2
3917 1
3918 2
3919 1
3920 2
3921 3
3922 1
3923 2
3924 2
3925 2
3926 2
3927 2
3928 3
3929 1
3930 2
3931 2
3932 1
3933 3
3934 0
3935 2
3936 2
3937 3
3938 4
3939 1
3940 3
3941 2
3942 4
3943 4
3944 4
3945 1
3946 1
3947 3
3948 2
3949 4
3950 2
3951 1
3952 4
3953 2
3954 2
3955 1
3956 0
3957 3
3958 2
3959 4
3960 2
3961 4
3962 0
3963 2
3964 2
3965 2
3966 2
3967 2
3968 4
3969 2
3970 2
3971 3
3972 2
3973 3
3974 2
3975 1
3976 3
3977 2
3978 1
3979 4
3980 2
3981 3
3982 1
3983 2
3984 2
3985 3
3986 3
3987 2
3988 4
3989 2
3990 3
3991 2
3992 2
3993 3
3994 0
3995 4
3996 2
3997 2
3998 4
3999 2
4000 1
4001 3
4002 3
4003 3
4004 4
4005 2
4006 1
4007 3
4008 2
4009 2
4010 4
4011 4
4012 2
4013 0
4014 3
4015 2
4016 0
4017 2
4018 2
4019 0
4020 2
4021 2
4022 0
4023 4
4024 1
4025 3
4026 2
4027 1
4028 2
4029 1
4030 4
4031 1
4032 3
4033 1
4034 1
4035 2
4036 2
4037 1
4038 1
4039 2
4040 1
4041 2
4042 3
4043 2
4044 2
4045 4
4046 4
4047 3
4048 2
4049 1
4050 0
4051 2
4052 4
4053 3
4054 0
4055 2
4056 2
4057 2
4058 3
4059 4
4060 2
4061 2
4062 3
4063 1
4064 2
4065 3
4066 2
4067 4
4068 2
4069 3
4070 4
4071 3
4072 2
4073 2
4074 3
4075 2
4076 2
4077 2
4078 3
4079 1
4080 0
4081 2
4082 1
4083 2
4084 2
4085 3
4086 0
4087 2
4088 2
4089 2
4090 1
4091 4
4092 2
4093 2
4094 4
4095 3
4096 2
4097 2
4098 2
4099 3
4100 1
4101 4
4102 3
4103 2
4104 2
4105 4
4106 2
4107 2
4108 0
4109 0
4110 2
4111 3
4112 2
4113 1
4114 4
4115 1
4116 2
4117 4
4118 1
4119 3
4120 3
4121 2
4122 2
4123 3
4124 2
4125 3
4126 2
4127 2
4128 2
4129 3
4130 3
4131 1
4132 2
4133 4
4134 4
4135 3
4136 1
4137 1
4138 2
4139 0
4140 2
4141 2
4142 1
4143 2
4144 1
4145 3
4146 3
4147 4
4148 4
4149 3
4150 2
4151 2
4152 4
4153 2
4154 1
4155 0
4156 1
4157 2
4158 2
4159 1
4160 2
4161 2
4162 2
4163 3
4164 3
4165 2
4166 2
4167 2
4168 1
4169 0
4170 1
4171 2
4172 2
4173 1
4174 1
4175 2
4176 2
4177 4
4178 2
4179 3
4180 2
4181 3
4182 2
4183 2
4184 4
4185 2
4186 1
4187 4
4188 3
4189 3
4190 1
4191 2
4192 2
4193 1
4194 3
4195 2
4196 2
4197 2
4198 2
4199 0
4200 1
4201 4
4202 2
4203 4
4204 3
4205 2
4206 1
4207 2
4208 1
4209 4
4210 2
4211 4
4212 2
4213 3
4214 3
4215 0
4216 0
4217 4
4218 4
4219 0
4220 2
4221 2
4222 1
4223 4
4224 3
4225 1
4226 4
4227 2
4228 4
4229 2
4230 1
4231 2
4232 2
4233 3
4234 4
4235 2
4236 3
4237 2
4238 4
4239 4
4240 4
4241 3
4242 3
4243 1
4244 4
4245 2
4246 3
4247 4
4248 3
4249 1
4250 0
4251 4
4252 4
4253 2
4254 2
4255 3
4256 0
4257 2
4258 2
4259 2
4260 3
4261 1
4262 2
4263 2
4264 2
4265 2
4266 2
4267 3
4268 3
4269 2
4270 4
4271 2
4272 2
4273 2
4274 4
4275 0
4276 0
4277 2
4278 3
4279 2
4280 3
4281 2
4282 0
4283 4
4284 3
4285 2
4286 1
4287 2
4288 4
4289 1
4290 1
4291 4
4292 4
4293 2
4294 1
4295 2
4296 2
4297 0
4298 1
4299 2
4300 1
4301 2
4302 3
4303 4
4304 4
4305 4
4306 2
4307 3
4308 2
4309 3
4310 2
4311 2
4312 2
4313 2
4314 0
4315 4
4316 2
4317 4
4318 0
4319 1
4320 2
4321 3
4322 1
4323 3
4324 2
4325 0
4326 2
4327 4
4328 1
4329 2
4330 2
4331 3
4332 4
4333 4
4334 4
4335 3
4336 1
4337 2
4338 2
4339 3
4340 1
4341 2
4342 2
4343 2
4344 2
4345 4
4346 0
4347 2
4348 1
4349 1
4350 4
4351 1
4352 2
4353 1
4354 3
4355 3
4356 3
4357 2
4358 2
4359 4
4360 2
4361 2
4362 4
4363 2
4364 2
4365 2
4366 2
4367 2
4368 1
4369 3
4370 2
4371 0
4372 4
4373 1
4374 2
4375 1
4376 0
4377 2
4378 3
4379 2
4380 3
4381 2
4382 3
4383 3
4384 0
4385 2
4386 3
4387 4
4388 0
4389 2
4390 2
4391 4
4392 2
4393 3
4394 3
4395 2
4396 2
4397 2
4398 3
4399 2
4400 3
4401 2
4402 3
4403 4
4404 3
4405 1
4406 2
4407 3
4408 0
4409 1
4410 2
4411 1
4412 3
4413 3
4414 3
4415 2
4416 0
4417 2
4418 4
4419 1
4420 1
4421 3
4422 3
4423 2
4424 1
4425 2
4426 2
4427 2
4428 2
4429 4
4430 2
4431 4
4432 4
4433 2
4434 3
4435 1
4436 4
4437 2
4438 0
4439 1
4440 4
4441 4
4442 2
4443 2
4444 3
4445 1
4446 2
4447 1
4448 1
4449 3
4450 2
4451 2
4452 0
4453 1
4454 2
4455 4
4456 4
4457 1
4458 2
4459 1
4460 3
4461 4
4462 2
4463 3
4464 1
4465 3
4466 1
4467 2
4468 2
4469 4
4470 2
4471 2
4472 2
4473 2
4474 2
4475 2
4476 2
4477 4
4478 2
4479 2
4480 3
4481 2
4482 2
4483 2
4484 3
4485 2
4486 2
4487 2
4488 2
4489 2
4490 2
4491 3
4492 2
4493 1
4494 1
4495 2
4496 4
4497 2
4498 3
4499 1
4500 3
4501 0
4502 2
4503 2
4504 4
4505 2
4506 3
4507 2
4508 1
4509 1
4510 2
4511 3
4512 3
4513 2
4514 4
4515 2
4516 3
4517 0
4518 4
4519 2
4520 0
4521 3
4522 2
4523 3
4524 3
4525 2
4526 2
4527 0
4528 3
4529 4
4530 1
4531 4
4532 3
4533 2
4534 3
4535 2
4536 2
4537 2
4538 3
4539 4
4540 2
4541 4
4542 1
4543 2
4544 2
4545 2
4546 2
4547 4
4548 2
4549 2
4550 2
4551 3
4552 1
4553 3
4554 3
4555 2
4556 1
4557 2
4558 4
4559 4
4560 2
4561 2
4562 2
4563 2
4564 3
4565 3
4566 1
4567 2
4568 0
4569 4
4570 2
4571 1
4572 0
4573 4
4574 3
4575 3
4576 1
4577 4
4578 2
4579 4
4580 2
4581 2
4582 2
4583 4
4584 1
4585 3
4586 2
4587 1
4588 4
4589 2
4590 1
4591 1
4592 1
4593 1
4594 2
4595 0
4596 2
4597 2
4598 3
4599 1
4600 2
4601 3
4602 2
4603 2
4604 2
4605 3
4606 4
4607 3
4608 2
4609 2
4610 2
4611 1
4612 1
4613 4
4614 3
4615 1
4616 2
4617 3
4618 2
4619 2
4620 2
4621 2
4622 2
4623 1
4624 3
4625 1
4626 1
4627 3
4628 2
4629 4
4630 0
4631 2
4632 2
4633 3
4634 3
4635 2
4636 3
4637 1
4638 3
4639 1
4640 0
4641 4
4642 1
4643 1
4644 2
4645 2
4646 2
4647 3
4648 3
4649 3
4650 2
4651 2
4652 1
4653 2
4654 3
4655 3
4656 2
4657 1
4658 2
4659 3
4660 4
4661 2
4662 2
4663 2
4664 1
4665 2
4666 4
4667 1
4668 1
4669 4
4670 1
4671 1
4672 2
4673 1
4674 4
4675 1
4676 2
4677 1
4678 4
4679 2
4680 4
4681 2
4682 2
4683 3
4684 2
4685 1
4686 2
4687 4
4688 4
4689 4
4690 0
4691 1
4692 2
4693 3
4694 1
4695 2
4696 1
4697 4
4698 2
4699 1
4700 2
4701 1
4702 2
4703 2
4704 1
4705 2
4706 1
4707 1
4708 1
4709 3
4710 2
4711 2
4712 2
4713 2
4714 2
4715 2
4716 0
4717 2
4718 3
4719 0
4720 2
4721 3
4722 4
4723 1
4724 3
4725 4
4726 0
4727 0
4728 4
4729 2
4730 0
4731 1
4732 4
4733 2
4734 3
4735 4
4736 2
4737 2
4738 3
4739 4
4740 2
4741 2
4742 2
4743 1
4744 2
4745 2
4746 2
4747 2
4748 2
4749 2
4750 2
4751 2
4752 2
4753 1
4754 2
4755 1
4756 3
4757 1
4758 1
4759 2
4760 4
4761 2
4762 3
4763 0
4764 2
4765 1
4766 1
4767 1
4768 3
4769 1
4770 0
4771 2
4772 2
4773 4
4774 4
4775 1
4776 2
4777 1
4778 2
4779 1
4780 2
4781 2
4782 2
4783 2
4784 2
4785 2
4786 0
4787 3
4788 4
4789 2
4790 2
4791 1
4792 2
4793 4
4794 4
4795 2
4796 2
4797 4
4798 2
4799 1
4800 1
4801 2
4802 2
4803 2
4804 2
4805 1
4806 1
4807 2
4808 4
4809 2
4810 0
4811 0
4812 2
4813 3
4814 2
4815 1
4816 1
4817 3
4818 3
4819 2
4820 3
4821 2
4822 2
4823 2
4824 3
4825 3
4826 2
4827 2
4828 3
4829 4
4830 4
4831 2
4832 1
4833 3
4834 2
4835 4
4836 2
4837 3
4838 3
4839 4
4840 2
4841 4
4842 4
4843 2
4844 2
4845 2
4846 2
4847 2
4848 2
4849 2
4850 1
4851 2
4852 2
4853 4
4854 2
4855 1
4856 4
4857 4
4858 1
4859 2
4860 2
4861 1
4862 2
4863 2
4864 2
4865 1
4866 2
4867 2
4868 1
4869 3
4870 2
4871 2
4872 1
4873 2
4874 3
4875 2
4876 3
4877 2
4878 2
4879 3
4880 2
4881 1
4882 4
4883 4
4884 2
4885 3
4886 3
4887 1
4888 2
4889 1
4890 3
4891 2
4892 2
4893 1
4894 3
4895 1
4896 2
4897 2
4898 1
4899 2
4900 4
4901 1
4902 2
4903 1
4904 2
4905 1
4906 3
4907 1
4908 1
4909 0
4910 2
4911 2
4912 2
4913 1
4914 4
4915 1
4916 1
4917 1
4918 2
4919 4
4920 2
4921 3
4922 2
4923 4
4924 2
4925 3
4926 1
4927 2
4928 1
4929 2
4930 2
4931 4
4932 1
4933 3
4934 4
4935 3
4936 2
4937 3
4938 2
4939 2
4940 0
4941 1
4942 2
4943 1
4944 1
4945 4
4946 2
4947 4
4948 3
4949 2
4950 2
4951 1
4952 4
4953 2
4954 2
4955 2
4956 2
4957 1
4958 4
4959 3
4960 2
4961 3
4962 4
4963 2
4964 3
4965 2
4966 3
4967 3
4968 2
4969 4
4970 3
4971 1
4972 2
4973 3
4974 3
4975 2
4976 1
4977 4
4978 2
4979 3
4980 1
4981 3
4982 2
4983 2
4984 2
4985 4
4986 3
4987 2
4988 2
4989 1
4990 0
4991 1
4992 1
4993 2
4994 2
4995 4
4996 2
4997 3
4998 1
4999 2
5000 4
5001 2
5002 1
5003 2
5004 1
5005 2
5006 3
5007 2
5008 2
5009 2
5010 4
5011 0
5012 1
5013 1
5014 2
5015 2
5016 2
5017 4
5018 3
5019 1
5020 2
5021 2
5022 0
5023 2
5024 1
5025 2
5026 2
5027 4
5028 1
5029 3
5030 2
5031 1
5032 2
5033 2
5034 1
5035 3
5036 4
5037 2
5038 2
5039 0
5040 4
5041 3
5042 3
5043 0
5044 3
5045 2
5046 1
5047 2
5048 1
5049 2
5050 2
5051 4
5052 1
5053 4
5054 3
5055 2
5056 2
5057 2
5058 0
5059 2
5060 2
5061 3
5062 2
5063 4
5064 4
5065 1
5066 1
5067 1
5068 3
5069 1
5070 2
5071 2
5072 3
5073 2
5074 2
5075 1
5076 2
5077 0
5078 2
5079 2
5080 2
5081 3
5082 3
5083 3
5084 2
5085 3
5086 1
5087 2
5088 2
5089 3
5090 1
5091 2
5092 2
5093 4
5094 2
5095 0
5096 2
5097 1
5098 2
5099 2
5100 4
5101 0
5102 4
5103 4
5104 1
5105 2
5106 1
5107 4
5108 2
5109 2
5110 3
5111 2
5112 1
5113 4
5114 1
5115 2
5116 3
5117 3
5118 2
5119 1
5120 0
5121 2
5122 4
5123 4
5124 2
5125 2
5126 2
5127 3
5128 0
5129 2
5130 3
5131 2
5132 2
5133 2
5134 0
5135 2
5136 2
5137 2
5138 4
5139 2
5140 2
5141 4
5142 2
5143 2
5144 3
5145 3
5146 1
5147 2
5148 4
5149 1
5150 2
5151 2
5152 2
5153 4
5154 3
5155 2
5156 4
5157 2
5158 0
5159 2
5160 2
5161 2
5162 3
5163 0
5164 1
5165 1
5166 4
5167 0
5168 4
5169 3
5170 4
5171 1
5172 3
5173 2
5174 1
5175 2
5176 2
5177 2
5178 2
5179 2
5180 1
5181 1
5182 2
5183 2
5184 1
5185 2
5186 3
5187 3
5188 2
5189 4
5190 3
5191 2
5192 3
5193 2
5194 2
5195 2
5196 1
5197 0
5198 2
5199 2
5200 2
5201 3
5202 2
5203 2
5204 1
5205 2
5206 2
5207 2
5208 2
5209 3
5210 1
5211 2
5212 4
5213 3
5214 3
5215 1
5216 2
5217 2
5218 4
5219 2
5220 0
5221 3
5222 2
5223 3
5224 4
5225 2
5226 4
5227 1
5228 2
5229 2
5230 1
5231 1
5232 1
5233 2
5234 2
5235 4
5236 2
5237 2
5238 4
5239 3
5240 2
5241 4
5242 2
5243 1
5244 4
5245 2
5246 2
5247 2
5248 2
5249 2
5250 4
5251 2
5252 4
5253 1
5254 3
5255 4
5256 2
5257 2
5258 4
5259 4
5260 2
5261 1
5262 1
5263 4
5264 3
5265 3
5266 4
5267 2
5268 3
5269 2
5270 4
5271 2
5272 2
5273 4
5274 3
5275 2
5276 1
5277 3
5278 2
5279 2
5280 3
5281 2
5282 0
5283 2
5284 3
5285 1
5286 0
5287 3
5288 2
5289 2
5290 4
5291 4
5292 2
5293 4
5294 3
5295 2
5296 2
5297 2
5298 0
5299 2
5300 1
5301 2
5302 2
5303 2
5304 1
5305 2
5306 1
5307 3
5308 2
5309 2
5310 3
5311 3
5312 0
5313 2
5314 2
5315 0
5316 2
5317 1
5318 0
5319 2
5320 2
5321 2
5322 2
5323 2
5324 2
5325 1
5326 3
5327 2
5328 2
5329 3
5330 1
5331 2
5332 1
5333 2
5334 2
5335 3
5336 1
5337 2
5338 2
5339 4
5340 0
5341 4
5342 2
5343 2
5344 2
5345 2
5346 4
5347 2
5348 3
5349 4
5350 1
5351 3
5352 2
5353 3
5354 2
5355 2
5356 2
5357 3
5358 3
5359 2
5360 4
5361 2
5362 4
5363 1
5364 1
5365 3
5366 2
5367 2
5368 3
5369 1
5370 2
5371 2
5372 3
5373 1
5374 2
5375 2
5376 2
5377 1
5378 3
5379 1
5380 2
5381 2
5382 3
5383 2
5384 3
5385 2
5386 1
5387 3
5388 2
5389 4
5390 3
5391 4
5392 2
5393 2
5394 4
5395 4
5396 2
5397 2
5398 2
5399 3
5400 1
5401 2
5402 0
5403 2
5404 2
5405 2
5406 4
5407 2
5408 3
5409 2
5410 2
5411 1
5412 2
5413 3
5414 3
5415 2
5416 1
5417 1
5418 1
5419 3
5420 4
5421 0
5422 2
5423 2
5424 3
5425 3
5426 4
5427 2
5428 2
5429 4
5430 2
5431 4
5432 4
5433 3
5434 2
5435 4
5436 4
5437 3
5438 1
5439 1
5440 2
5441 2
5442 4
5443 1
5444 3
5445 3
5446 2
5447 0
5448 4
5449 0
5450 1
5451 2
5452 2
5453 2
5454 2
5455 2
5456 1
5457 2
5458 2
5459 2
5460 4
5461 1
5462 2
5463 3
5464 1
5465 1
5466 3
5467 2
5468 4
5469 2
5470 0
5471 4
5472 1
5473 1
5474 2
5475 4
5476 3
5477 1
5478 2
5479 2
5480 2
5481 3
5482 0
5483 1
5484 0
5485 2
5486 3
5487 2
5488 3
5489 3
5490 4
5491 4
5492 3
5493 2
5494 4
5495 3
5496 1
5497 2
5498 3
5499 2
5500 1
5501 1
5502 3
5503 2
5504 3
5505 2
5506 3
5507 4
5508 1
5509 2
5510 2
5511 2
5512 4
5513 4
5514 1
5515 2
5516 3
5517 2
5518 3
5519 3
5520 3
5521 2
5522 2
5523 2
5524 2
5525 4
5526 2
5527 4
5528 3
5529 3
5530 2
5531 3
5532 2
5533 2
5534 3
5535 0
5536 2
5537 2
5538 0
5539 2
5540 3
5541 0
5542 0
5543 2
5544 2
5545 2
5546 2
5547 2
5548 1
5549 0
5550 2
5551 3
5552 2
5553 2
5554 3
5555 4
5556 2
5557 2
5558 2
5559 1
5560 0
5561 0
5562 4
5563 3
5564 4
5565 2
5566 1
5567 4
5568 2
5569 4
5570 2
5571 4
5572 2
5573 3
5574 4
5575 1
5576 2
5577 4
5578 1
5579 2
5580 4
5581 3
5582 2
5583 2
5584 4
5585 2
5586 1
5587 2
5588 4
5589 2
5590 3
5591 2
5592 2
5593 4
5594 2
5595 3
5596 2
5597 3
5598 2
5599 2
5600 3
5601 3
5602 3
5603 2
5604 2
5605 2
5606 3
5607 2
5608 1
5609 2
5610 4
5611 2
5612 2
5613 4
5614 4
5615 2
5616 2
5617 1
5618 3
5619 2
5620 3
5621 2
5622 2
5623 2
5624 3
5625 4
5626 0
5627 4
5628 0
5629 3
5630 0
5631 1
5632 3
5633 1
5634 1
5635 4
5636 1
5637 3
5638 3
5639 2
5640 4
5641 2
5642 3
5643 3
5644 4
5645 2
5646 3
5647 4
5648 4
5649 2
5650 2
5651 2
5652 4
5653 1
5654 1
5655 2
5656 2
5657 4
5658 2
5659 0
5660 3
5661 1
5662 1
5663 1
5664 2
5665 2
5666 1
5667 2
5668 4
5669 3
5670 3
5671 3
5672 4
5673 2
5674 3
5675 1
5676 2
5677 2
5678 2
5679 2
5680 3
5681 2
5682 1
5683 2
5684 2
5685 2
5686 1
5687 3
5688 3
5689 2
5690 4
5691 2
5692 3
5693 1
5694 4
5695 2
5696 2
5697 3
5698 2
5699 2
5700 4
5701 2
5702 2
5703 1
5704 2
5705 3
5706 2
5707 2
5708 2
5709 2
5710 4
5711 3
5712 3
5713 2
5714 2
5715 0
5716 4
5717 3
5718 4
5719 2
5720 4
5721 4
5722 3
5723 3
5724 1
5725 3
5726 1
5727 3
5728 3
5729 3
5730 4
5731 4
5732 2
5733 2
5734 1
5735 3
5736 2
5737 4
5738 2
5739 2
5740 3
5741 4
5742 4
5743 2
5744 3
5745 1
5746 3
5747 2
5748 1
5749 2
5750 2
5751 0
5752 3
5753 2
5754 2
5755 2
5756 2
5757 4
5758 2
5759 4
5760 3
5761 3
5762 2
5763 4
5764 1
5765 2
5766 0
5767 3
5768 4
5769 4
5770 2
5771 3
5772 2
5773 3
5774 4
5775 3
5776 1
5777 2
5778 0
5779 3
5780 1
5781 1
5782 3
5783 0
5784 2
5785 1
5786 3
5787 1
5788 4
5789 2
5790 2
5791 4
5792 2
5793 2
5794 1
5795 2
5796 0
5797 2
5798 2
5799 2
5800 2
5801 2
5802 2
5803 3
5804 2
5805 4
5806 1
5807 3
5808 3
5809 0
5810 2
5811 4
5812 2
5813 4
5814 2
5815 2
5816 4
5817 1
5818 1
5819 3
5820 2
5821 3
5822 2
5823 3
5824 1
5825 1
5826 2
5827 0
5828 0
5829 1
5830 3
5831 2
5832 3
5833 1
5834 2
5835 3
5836 3
5837 3
5838 4
5839 2
5840 1
5841 1
5842 3
5843 2
5844 2
5845 4
5846 1
5847 2
5848 3
5849 4
5850 1
5851 1
5852 3
5853 3
5854 2
5855 0
5856 1
5857 2
5858 2
5859 1
5860 2
5861 1
5862 2
5863 4
5864 0
5865 4
5866 2
5867 4
5868 3
5869 4
5870 3
5871 3
5872 2
5873 3
5874 1
5875 2
5876 1
5877 3
5878 4
5879 3
5880 2
5881 4
5882 4
5883 2
5884 2
5885 3
5886 2
5887 1
5888 0
5889 4
5890 2
5891 1
5892 2
5893 2
5894 2
5895 3
5896 1
5897 2
5898 3
5899 2
5900 2
5901 0
5902 2
5903 1
5904 2
5905 2
5906 3
5907 4
5908 3
5909 2
5910 4
5911 2
5912 2
5913 2
5914 3
5915 4
5916 3
5917 0
5918 2
5919 2
5920 2
5921 2
5922 3
5923 2
5924 2
5925 3
5926 1
5927 1
5928 3
5929 2
5930 3
5931 1
5932 4
5933 2
5934 3
5935 2
5936 2
5937 3
5938 1
5939 1
5940 1
5941 1
5942 3
5943 0
5944 2
5945 3
5946 1
5947 0
5948 0
5949 2
5950 4
5951 0
5952 3
5953 4
5954 2
5955 2
5956 4
5957 2
5958 2
5959 3
5960 3
5961 1
5962 4
5963 2
5964 3
5965 3
5966 2
5967 2
5968 2
5969 1
5970 0
5971 2
5972 2
5973 2
5974 1
5975 3
5976 2
5977 2
5978 1
5979 2
5980 2
5981 4
5982 1
5983 0
5984 4
5985 1
5986 2
5987 4
5988 2
5989 2
5990 3
5991 3
5992 4
5993 2
5994 2
5995 2
5996 2
5997 4
5998 2
5999 4
6000 0
6001 3
6002 3
6003 2
6004 3
6005 1
6006 3
6007 3
6008 2
6009 4
6010 2
6011 2
6012 1
6013 0
6014 2
6015 4
6016 3
6017 3
6018 2
6019 4
6020 2
6021 2
6022 2
6023 2
6024 3
6025 2
6026 4
6027 4
6028 3
6029 2
6030 4
6031 2
6032 1
6033 2
6034 2
6035 2
6036 3
6037 2
6038 4
6039 3
6040 2
6041 0
6042 2
6043 2
6044 2
6045 1
6046 2
6047 1
6048 3
6049 0
6050 2
6051 0
6052 4
6053 1
6054 3
6055 2
6056 3
6057 4
6058 2
6059 2
6060 2
6061 3
6062 2
6063 3
6064 4
6065 3
6066 3
6067 3
6068 4
6069 2
6070 1
6071 2
6072 3
6073 1
6074 4
6075 3
6076 0
6077 4
6078 0
6079 4
6080 3
6081 0
6082 1
6083 2
6084 4
6085 2
6086 2
6087 1
6088 2
6089 2
6090 2
6091 2
6092 2
6093 3
6094 3
6095 3
6096 2
6097 1
6098 2
6099 1
6100 3
6101 1
6102 2
6103 3
6104 2
6105 2
6106 3
6107 3
6108 2
6109 2
6110 2
6111 1
6112 2
6113 3
6114 2
6115 4
6116 2
6117 2
6118 2
6119 2
6120 2
6121 1
6122 2
6123 2
6124 4
6125 4
6126 2
6127 4
6128 2
6129 1
6130 2
6131 2
6132 4
6133 3
6134 4
6135 1
6136 3
6137 3
6138 4
6139 3
6140 2
6141 3
6142 4
6143 2
6144 3
6145 2
6146 2
6147 2
6148 1
6149 2
6150 1
6151 2
6152 2
6153 3
6154 3
6155 1
6156 4
6157 3
6158 1
6159 2
6160 2
6161 2
6162 1
6163 2
6164 2
6165 1
6166 1
6167 3
6168 3
6169 3
6170 3
6171 2
6172 2
6173 3
6174 0
6175 2
6176 0
6177 1
6178 3
6179 2
6180 2
6181 2
6182 1
6183 2
6184 2
6185 4
6186 2
6187 1
6188 1
6189 2
6190 4
6191 3
6192 2
6193 2
6194 1
6195 4
6196 3
6197 2
6198 1
6199 2
6200 4
6201 0
6202 3
6203 4
6204 3
6205 0
6206 2
6207 3
6208 3
6209 2
6210 2
6211 1
6212 2
6213 0
6214 2
6215 2
6216 2
6217 2
6218 3
6219 4
6220 4
6221 1
6222 1
6223 4
6224 3
6225 2
6226 2
6227 4
6228 4
6229 4
6230 2
6231 1
6232 1
6233 1
6234 1
6235 2
6236 2
6237 2
6238 2
6239 4
6240 1
6241 1
6242 2
6243 2
6244 4
6245 0
6246 4
6247 2
6248 2
6249 2
6250 1
6251 4
6252 1
6253 2
6254 4
6255 4
6256 1
6257 2
6258 2
6259 3
6260 4
6261 4
6262 4
6263 0
6264 3
6265 2
6266 2
6267 2
6268 2
6269 1
6270 3
6271 0
6272 3
6273 4
6274 4
6275 2
6276 1
6277 3
6278 2
6279 4
6280 2
6281 1
6282 2
6283 3
6284 3
6285 3
6286 2
6287 4
6288 2
6289 2
6290 0
6291 2
6292 4
6293 0
6294 4
6295 3
6296 4
6297 1
6298 4
6299 4
6300 3
6301 3
6302 3
6303 0
6304 2
6305 2
6306 4
6307 2
6308 2
6309 2
6310 3
6311 1
6312 2
6313 3
6314 2
6315 2
6316 1
6317 4
6318 2
6319 4
6320 2
6321 2
6322 2
6323 4
6324 1
6325 4
6326 2
6327 4
6328 1
6329 1
6330 1
6331 4
6332 4
6333 3
6334 1
6335 2
6336 2
6337 4
6338 1
6339 4
6340 3
6341 1
6342 2
6343 0
6344 2
6345 2
6346 3
6347 0
6348 0
6349 3
6350 3
6351 3
6352 0
6353 2
6354 4
6355 1
6356 1
6357 3
6358 3
6359 2
6360 2
6361 2
6362 2
6363 3
6364 2
6365 2
6366 4
6367 2
6368 4
6369 1
6370 1
6371 1
6372 2
6373 1
6374 2
6375 2
6376 4
6377 2
6378 0
6379 2
6380 4
6381 2
6382 1
6383 0
6384 4
6385 1
6386 2
6387 2
6388 3
6389 4
6390 0
6391 1
6392 3
6393 2
6394 4
6395 4
6396 2
6397 2
6398 2
6399 2
6400 4
6401 1
6402 1
6403 4
6404 2
6405 2
6406 4
6407 2
6408 3
6409 1
6410 2
6411 0
6412 1
6413 4
6414 3
6415 4
6416 4
6417 3
6418 2
6419 4
6420 2
6421 2
6422 2
6423 2
6424 2
6425 3
6426 4
6427 3
6428 1
6429 1
6430 1
6431 3
6432 2
6433 2
6434 0
6435 3
6436 3
6437 2
6438 2
6439 4
6440 1
6441 2
6442 4
6443 2
6444 1
6445 2
6446 0
6447 2
6448 0
6449 4
6450 2
6451 2
6452 1
6453 1
6454 3
6455 1
6456 2
6457 1
6458 2
6459 2
6460 2
6461 3
6462 3
6463 3
6464 3
6465 0
6466 1
6467 3
6468 4
6469 2
6470 2
6471 3
6472 0
6473 1
6474 4
6475 2
6476 4
6477 1
6478 4
6479 3
6480 2
6481 2
6482 3
6483 2
6484 0
6485 2
6486 2
6487 4
6488 2
6489 2
6490 2
6491 1
6492 2
6493 1
6494 0
6495 2
6496 2
6497 1
6498 3
6499 4
6500 1
6501 2
6502 2
6503 3
6504 2
6505 4
6506 1
6507 2
6508 2
6509 2
6510 4
6511 2
6512 2
6513 2
6514 2
6515 2
6516 2
6517 3
6518 2
6519 4
6520 1
6521 4
6522 4
6523 2
6524 2
6525 4
6526 3
6527 3
6528 2
6529 3
6530 4
6531 2
6532 3
6533 1
6534 2
6535 0
6536 2
6537 0
6538 2
6539 2
6540 1
6541 3
6542 2
6543 2
6544 0
6545 2
6546 1
6547 3
6548 3
6549 2
6550 0
6551 2
6552 4
6553 3
6554 1
6555 2
6556 0
6557 3
6558 2
6559 3
6560 2
6561 2
6562 3
6563 4
6564 1
6565 2
6566 2
6567 3
6568 1
6569 2
6570 4
6571 2
6572 2
6573 1
6574 4
6575 2
6576 1
6577 0
6578 1
6579 3
6580 2
6581 2
6582 2
6583 1
6584 4
6585 1
6586 2
6587 1
6588 2
6589 2
6590 2
6591 2
6592 2
6593 1
6594 2
6595 2
6596 4
6597 4
6598 4
6599 1
6600 0
6601 2
6602 2
6603 2
6604 2
6605 2
6606 2
6607 3
6608 2
6609 4
6610 2
6611 0
6612 4
6613 3
6614 2
6615 1
6616 1
6617 3
6618 3
6619 1
6620 1
6621 2
6622 2
6623 1
6624 2
6625 4
6626 2
6627 0
6628 1
6629 2
6630 2
6631 1
6632 2
6633 2
6634 1
6635 1
6636 1
6637 4
6638 1
6639 3
6640 4
6641 3
6642 3
6643 3
6644 1
6645 1
6646 4
6647 2
6648 1
6649 3
6650 1
6651 2
6652 3
6653 3
6654 1
6655 1
6656 1
6657 3
6658 2
6659 3
6660 2
6661 0
6662 1
6663 1
6664 3
6665 4
6666 1
6667 1
6668 2
6669 4
6670 2
6671 3
6672 3
6673 1
6674 4
6675 1
6676 3
6677 2
6678 3
6679 4
6680 2
6681 2
6682 2
6683 2
6684 4
6685 2
6686 1
6687 2
6688 3
6689 4
6690 1
6691 1
6692 3
6693 4
6694 1
6695 4
6696 4
6697 4
6698 3
6699 2
6700 2
6701 3
6702 4
6703 1
6704 0
6705 1
6706 3
6707 2
6708 1
6709 0
6710 4
6711 2
6712 2
6713 3
6714 3
6715 1
6716 1
6717 2
6718 3
6719 3
6720 3
6721 3
6722 2
6723 2
6724 2
6725 2
6726 1
6727 1
6728 2
6729 1
6730 3
6731 2
6732 2
6733 2
6734 2
6735 0
6736 0
6737 2
6738 2
6739 4
6740 2
6741 4
6742 2
6743 1
6744 2
6745 2
6746 3
6747 2
6748 2
6749 4
6750 1
6751 2
6752 2
6753 4
6754 4
6755 1
6756 1
6757 2
6758 1
6759 1
6760 4
6761 2
6762 4
6763 2
6764 4
6765 2
6766 1
6767 2
6768 1
6769 2
6770 4
6771 2
6772 1
6773 3
6774 1
6775 0
6776 2
6777 2
6778 1
6779 1
6780 4
6781 1
6782 2
6783 4
6784 2
6785 2
6786 2
6787 3
6788 1
6789 2
6790 3
6791 2
6792 4
6793 1
6794 2
6795 4
6796 0
6797 3
6798 0
6799 3
6800 3
6801 4
6802 2
6803 3
6804 3
6805 3
6806 2
6807 1
6808 1
6809 3
6810 3
6811 2
6812 3
6813 2
6814 1
6815 2
6816 3
6817 1
6818 2
6819 3
6820 2
6821 2
6822 4
6823 2
6824 4
6825 2
6826 4
6827 3
6828 4
6829 4
6830 4
6831 1
6832 2
6833 2
6834 2
6835 3
6836 3
6837 1
6838 1
6839 4
6840 3
6841 3
6842 2
6843 2
6844 2
6845 2
6846 1
6847 2
6848 2
6849 2
6850 2
6851 2
6852 3
6853 3
6854 1
6855 2
6856 3
6857 4
6858 2
6859 4
6860 2
6861 2
6862 3
6863 2
6864 3
6865 1
6866 1
6867 1
6868 1
6869 2
6870 2
6871 1
6872 1
6873 0
6874 2
6875 2
6876 1
6877 4
6878 1
6879 2
6880 3
6881 2
6882 4
6883 3
6884 4
6885 3
6886 3
6887 2
6888 3
6889 1
6890 2
6891 2
6892 3
6893 3
6894 4
6895 2
6896 3
6897 2
6898 3
6899 2
6900 1
6901 3
6902 3
6903 3
6904 3
6905 3
6906 2
6907 2
6908 2
6909 3
6910 2
6911 2
6912 4
6913 3
6914 2
6915 2
6916 2
6917 2
6918 4
6919 4
6920 3
6921 0
6922 3
6923 2
6924 2
6925 1
6926 2
6927 3
6928 2
6929 3
6930 2
6931 3
6932 1
6933 4
6934 0
6935 2
6936 2
6937 4
6938 3
6939 2
6940 1
6941 1
6942 3
6943 2
6944 3
6945 3
6946 2
6947 4
6948 2
6949 4
6950 2
6951 1
6952 4
6953 2
6954 2
6955 2
6956 2
6957 3
6958 1
6959 2
6960 2
6961 4
6962 2
6963 3
6964 3
6965 2
6966 2
6967 3
6968 4
6969 2
6970 1
6971 2
6972 3
6973 4
6974 2
6975 4
6976 4
6977 2
6978 1
6979 3
6980 2
6981 4
6982 3
6983 3
6984 3
6985 2
6986 2
6987 3
6988 4
6989 2
6990 3
6991 2
6992 3
6993 2
6994 2
6995 1
6996 1
6997 3
6998 2
6999 2
7000 3
7001 2
7002 2
7003 2
7004 2
7005 2
7006 3
7007 2
7008 2
7009 2
7010 3
7011 0
7012 0
7013 3
7014 2
7015 1
7016 1
7017 1
7018 4
7019 1
7020 4
7021 4
7022 1
7023 4
7024 3
7025 1
7026 3
7027 1
7028 3
7029 2
7030 2
7031 1
7032 2
7033 3
7034 2
7035 2
7036 2
7037 3
7038 1
7039 2
7040 3
7041 2
7042 1
7043 4
7044 2
7045 0
7046 2
7047 4
7048 1
7049 1
7050 0
7051 2
7052 3
7053 1
7054 2
7055 2
7056 3
7057 1
7058 1
7059 1
7060 1
7061 3
7062 4
7063 1
7064 4
7065 4
7066 4
7067 2
7068 2
7069 2
7070 2
7071 4
7072 3
7073 2
7074 4
7075 2
7076 1
7077 2
7078 2
7079 2
7080 2
7081 1
7082 4
7083 3
7084 4
7085 2
7086 1
7087 4
7088 1
7089 2
7090 2
7091 2
7092 2
7093 2
7094 1
7095 2
7096 1
7097 1
7098 4
7099 1
7100 2
7101 4
7102 2
7103 1
7104 3
7105 1
7106 2
7107 1
7108 2
7109 2
7110 2
7111 3
7112 2
7113 2
7114 2
7115 2
7116 0
7117 2
7118 0
7119 2
7120 2
7121 2
7122 2
7123 0
7124 2
7125 4
7126 4
7127 1
7128 2
7129 2
7130 0
7131 3
7132 4
7133 0
7134 2
7135 2
7136 2
7137 2
7138 2
7139 2
7140 3
7141 3
7142 2
7143 2
7144 4
7145 3
7146 1
7147 1
7148 2
7149 2
7150 0
7151 2
7152 3
7153 4
7154 3
7155 3
7156 1
7157 3
7158 1
7159 4
7160 3
7161 3
7162 4
7163 4
7164 2
7165 4
7166 2
7167 2
7168 1
7169 1
7170 1
7171 1
7172 1
7173 3
7174 4
7175 0
7176 2
7177 2
7178 0
7179 2
7180 0
7181 2
7182 2
7183 3
7184 2
7185 2
7186 1
7187 1
7188 3
7189 4
7190 2
7191 2
7192 3
7193 2
7194 1
7195 2
7196 2
7197 2
7198 4
7199 3
7200 0
7201 4
7202 3
7203 2
7204 1
7205 0
7206 4
7207 2
7208 4
7209 2
7210 1
7211 3
7212 2
7213 3
7214 2
7215 4
7216 2
7217 2
7218 2
7219 2
7220 4
7221 0
7222 4
7223 3
7224 4
7225 1
7226 2
7227 2
7228 1
7229 0
7230 2
7231 3
7232 3
7233 3
7234 0
7235 2
7236 3
7237 1
7238 2
7239 1
7240 1
7241 2
7242 2
7243 4
7244 0
7245 2
7246 3
7247 2
7248 1
7249 2
7250 2
7251 3
7252 3
7253 2
7254 2
7255 0
7256 2
7257 1
7258 1
7259 3
7260 2
7261 2
7262 0
7263 2
7264 2
7265 2
7266 3
7267 2
7268 2
7269 3
7270 2
7271 2
7272 4
7273 3
7274 3
7275 4
7276 3
7277 2
7278 4
7279 2
7280 1
7281 3
7282 2
7283 2
7284 2
7285 2
7286 1
7287 0
7288 2
7289 2
7290 2
7291 1
7292 1
7293 0
7294 1
7295 2
7296 2
7297 3
7298 2
7299 3
7300 1
7301 2
7302 1
7303 0
7304 3
7305 4
7306 3
7307 3
7308 1
7309 0
7310 0
7311 2
7312 0
7313 1
7314 4
7315 2
7316 3
7317 2
7318 4
7319 3
7320 4
7321 2
7322 3
7323 3
7324 3
7325 2
7326 2
7327 4
7328 2
7329 1
7330 4
7331 2
7332 4
7333 2
7334 3
7335 4
7336 2
7337 4
7338 2
7339 1
7340 2
7341 3
7342 2
7343 2
7344 2
7345 1
7346 2
7347 0
7348 2
7349 4
7350 2
7351 1
7352 1
7353 2
7354 2
7355 1
7356 2
7357 2
7358 4
7359 1
7360 1
7361 3
7362 2
7363 1
7364 1
7365 2
7366 2
7367 2
7368 0
7369 3
7370 2
7371 0
7372 3
7373 2
7374 3
7375 3
7376 4
7377 2
7378 2
7379 3
7380 2
7381 0
7382 2
7383 1
7384 2
7385 4
7386 2
7387 0
7388 4
7389 0
7390 1
7391 3
7392 3
7393 3
7394 1
7395 2
7396 1
7397 4
7398 4
7399 3
7400 2
7401 2
7402 2
7403 3
7404 2
7405 4
7406 2
7407 2
7408 4
7409 1
7410 2
7411 2
7412 2
7413 2
7414 2
7415 2
7416 4
7417 4
7418 3
7419 2
7420 2
7421 2
7422 2
7423 2
7424 2
7425 3
7426 4
7427 1
7428 1
7429 2
7430 2
7431 2
7432 4
7433 2
7434 3
7435 4
7436 3
7437 1
7438 3
7439 3
7440 1
7441 2
7442 1
7443 2
7444 1
7445 2
7446 2
7447 4
7448 2
7449 3
7450 2
7451 3
7452 4
7453 4
7454 2
7455 4
7456 2
7457 2
7458 1
7459 3
7460 3
7461 3
7462 2
7463 1
7464 2
7465 1
7466 3
7467 3
7468 2
7469 2
7470 1
7471 3
7472 2
7473 2
7474 4
7475 2
7476 2
7477 1
7478 1
7479 3
7480 3
7481 3
7482 3
7483 2
7484 0
7485 3
7486 1
7487 2
7488 0
7489 3
7490 1
7491 4
7492 2
7493 3
7494 0
7495 3
7496 2
7497 4
7498 2
7499 2
7500 2
7501 2
7502 2
7503 2
7504 4
7505 3
7506 1
7507 1
7508 2
7509 2
7510 3
7511 2
7512 3
7513 1
7514 2
7515 3
7516 4
7517 1
7518 4
7519 4
7520 2
7521 0
7522 3
7523 1
7524 3
7525 3
7526 1
7527 2
7528 3
7529 1
7530 3
7531 2
7532 4
7533 2
7534 1
7535 3
7536 4
7537 2
7538 1
7539 3
7540 4
7541 3
7542 2
7543 3
7544 1
7545 2
7546 4
7547 1
7548 1
7549 1
7550 2
7551 4
7552 1
7553 2
7554 1
7555 2
7556 3
7557 4
7558 2
7559 4
7560 1
7561 4
7562 1
7563 2
7564 2
7565 2
7566 2
7567 1
7568 1
7569 3
7570 2
7571 4
7572 1
7573 2
7574 0
7575 2
7576 4
7577 0
7578 4
7579 0
7580 4
7581 0
7582 1
7583 0
7584 2
7585 3
7586 2
7587 3
7588 2
7589 2
7590 2
7591 2
7592 1
7593 4
7594 2
7595 4
7596 2
7597 3
7598 4
7599 2
7600 1
7601 2
7602 1
7603 1
7604 2
7605 3
7606 2
7607 1
7608 4
7609 1
7610 1
7611 2
7612 2
7613 2
7614 3
7615 1
7616 0
7617 1
7618 0
7619 1
7620 3
7621 1
7622 1
7623 4
7624 4
7625 4
7626 2
7627 3
7628 2
7629 0
7630 2
7631 2
7632 1
7633 3
7634 2
7635 2
7636 4
7637 4
7638 3
7639 2
7640 1
7641 3
7642 4
7643 4
7644 4
7645 2
7646 2
7647 3
7648 3
7649 2
7650 4
7651 2
7652 4
7653 4
7654 2
7655 2
7656 1
7657 2
7658 2
7659 3
7660 4
7661 2
7662 2
7663 2
7664 2
7665 2
7666 4
7667 2
7668 2
7669 2
7670 2
7671 2
7672 4
7673 1
7674 4
7675 1
7676 3
7677 2
7678 4
7679 2
7680 3
7681 2
7682 2
7683 1
7684 1
7685 3
7686 4
7687 1
7688 2
7689 2
7690 2
7691 2
7692 2
7693 3
7694 4
7695 2
7696 2
7697 2
7698 1
7699 1
7700 0
7701 2
7702 2
7703 2
7704 2
7705 2
7706 3
7707 2
7708 1
7709 2
7710 2
7711 1
7712 3
7713 3
7714 2
7715 2
7716 3
7717 3
7718 2
7719 2
7720 0
7721 2
7722 3
7723 4
7724 4
7725 3
7726 2
7727 4
7728 2
7729 1
7730 2
7731 3
7732 3
7733 2
7734 1
7735 2
7736 4
7737 2
7738 2
7739 1
7740 4
7741 2
7742 3
7743 1
7744 0
7745 2
7746 2
7747 2
7748 4
7749 1
7750 1
7751 2
7752 0
7753 1
7754 4
7755 2
7756 3
7757 1
7758 1
7759 2
7760 2
7761 3
7762 3
7763 2
7764 2
7765 3
7766 2
7767 4
7768 3
7769 2
7770 2
7771 0
7772 0
7773 3
7774 1
7775 2
7776 4
7777 2
7778 0
7779 3
7780 1
7781 2
7782 3
7783 4
7784 2
7785 2
7786 2
7787 1
7788 2
7789 1
7790 2
7791 4
7792 3
7793 4
7794 2
7795 3
7796 2
7797 2
7798 1
7799 2
7800 2
7801 3
7802 2
7803 2
7804 1
7805 3
7806 2
7807 2
7808 0
7809 3
7810 1
7811 2
7812 3
7813 1
7814 1
7815 2
7816 4
7817 2
7818 2
7819 1
7820 2
7821 2
7822 1
7823 4
7824 1
7825 0
7826 2
7827 4
7828 3
7829 2
7830 4
7831 1
7832 2
7833 2
7834 2
7835 2
7836 1
7837 3
7838 2
7839 2
7840 2
7841 4
7842 2
7843 3
7844 2
7845 1
7846 0
7847 3
7848 2
7849 4
7850 1
7851 4
7852 2
7853 2
7854 3
7855 4
7856 0
7857 1
7858 2
7859 3
7860 4
7861 2
7862 4
7863 1
7864 4
7865 1
7866 2
7867 2
7868 3
7869 1
7870 3
7871 2
7872 2
7873 2
7874 1
7875 3
7876 2
7877 1
7878 2
7879 4
7880 4
7881 2
7882 1
7883 4
7884 2
7885 2
7886 1
7887 2
7888 2
7889 0
7890 1
7891 3
7892 3
7893 1
7894 2
7895 3
7896 3
7897 1
7898 0
7899 4
7900 4
7901 1
7902 3
7903 1
7904 3
7905 0
7906 1
7907 2
7908 3
7909 4
7910 2
7911 2
7912 4
7913 2
7914 1
7915 1
7916 3
7917 1
7918 4
7919 2
7920 2
7921 2
7922 4
7923 0
7924 2
7925 0
7926 0
7927 1
7928 2
7929 0
7930 1
7931 3
7932 2
7933 1
7934 2
7935 4
7936 4
7937 3
7938 2
7939 2
7940 1
7941 3
7942 2
7943 3
7944 1
7945 1
7946 3
7947 4
7948 2
7949 2
7950 3
7951 1
7952 4
7953 4
7954 3
7955 3
7956 4
7957 1
7958 0
7959 2
7960 3
7961 1
7962 1
7963 3
7964 4
7965 4
7966 2
7967 2
7968 0
7969 2
7970 2
7971 3
7972 2
7973 2
7974 3
7975 2
7976 0
7977 1
7978 0
7979 3
7980 2
7981 2
7982 1
7983 0
7984 4
7985 2
7986 4
7987 3
7988 2
7989 4
7990 4
7991 2
7992 0
7993 2
7994 3
7995 1
7996 0
7997 2
7998 3
7999 4
8000 1
8001 4
8002 2
8003 3
8004 3
8005 2
8006 2
8007 4
8008 2
8009 2
8010 2
8011 3
8012 4
8013 1
8014 2
8015 1
8016 2
8017 3
8018 3
8019 1
8020 3
8021 4
8022 4
8023 4
8024 2
8025 3
8026 3
8027 0
8028 2
8029 2
8030 2
8031 1
8032 4
8033 1
8034 2
8035 1
8036 2
8037 2
8038 3
8039 2
8040 4
8041 2
8042 3
8043 4
8044 3
8045 2
8046 3
8047 4
8048 1
8049 1
8050 2
8051 2
8052 4
8053 3
8054 4
8055 2
8056 3
8057 4
8058 3
8059 0
8060 2
8061 2
8062 4
8063 1
8064 4
8065 2
8066 3
8067 2
8068 2
8069 2
8070 3
8071 2
8072 4
8073 3
8074 0
8075 2
8076 1
8077 3
8078 4
8079 4
8080 2
8081 2
8082 4
8083 1
8084 0
8085 4
8086 3
8087 2
8088 1
8089 1
8090 0
8091 2
8092 3
8093 3
8094 2
8095 2
8096 2
8097 2
8098 2
8099 4
8100 3
8101 4
8102 2
8103 2
8104 1
8105 2
8106 3
8107 2
8108 4
8109 3
8110 1
8111 0
8112 2
8113 4
8114 2
8115 2
8116 0
8117 1
8118 2
8119 1
8120 2
8121 1
8122 1
8123 2
8124 1
8125 4
8126 3
8127 1
8128 1
8129 3
8130 3
8131 1
8132 0
8133 1
8134 2
8135 4
8136 2
8137 2
8138 1
8139 3
8140 1
8141 0
8142 3
8143 0
8144 2
8145 0
8146 4
8147 1
8148 2
8149 4
8150 2
8151 3
8152 3
8153 2
8154 3
8155 2
8156 2
8157 3
8158 2
8159 3
8160 4
8161 2
8162 2
8163 2
8164 2
8165 3
8166 4
8167 4
8168 2
8169 3
8170 2
8171 2
8172 2
8173 2
8174 3
8175 3
8176 1
8177 2
8178 3
8179 1
8180 2
8181 3
8182 4
8183 3
8184 3
8185 3
8186 4
8187 2
8188 2
8189 1
8190 2
8191 2
8192 2
8193 2
8194 1
8195 2
8196 1
8197 2
8198 4
8199 2
8200 4
8201 4
8202 0
8203 2
8204 3
8205 3
8206 3
8207 3
8208 3
8209 2
8210 4
8211 2
8212 1
8213 3
8214 1
8215 2
8216 3
8217 1
8218 3
8219 3
8220 4
8221 4
8222 4
8223 3
8224 2
8225 3
8226 1
8227 4
8228 1
8229 1
8230 3
8231 2
8232 2
8233 2
8234 1
8235 3
8236 2
8237 4
8238 2
8239 2
8240 4
8241 1
8242 2
8243 2
8244 2
8245 2
8246 3
8247 2
8248 4
8249 1
8250 2
8251 1
8252 2
8253 2
8254 2
8255 2
8256 2
8257 3
8258 0
8259 2
8260 2
8261 2
8262 2
8263 3
8264 1
8265 3
8266 4
8267 1
8268 1
8269 1
8270 2
8271 1
8272 2
8273 3
8274 1
8275 1
8276 3
8277 1
8278 3
8279 3
8280 2
8281 2
8282 3
8283 4
8284 2
8285 1
8286 4
8287 4
8288 2
8289 3
8290 2
8291 4
8292 0
8293 4
8294 1
8295 2
8296 2
8297 4
8298 1
8299 2
8300 2
8301 4
8302 2
8303 2
8304 2
8305 1
8306 4
8307 1
8308 4
8309 3
8310 2
8311 3
8312 1
8313 4
8314 2
8315 2
8316 2
8317 3
8318 3
8319 3
8320 2
8321 2
8322 1
8323 2
8324 2
8325 1
8326 1
8327 3
8328 1
8329 4
8330 2
8331 3
8332 1
8333 2
8334 0
8335 2
8336 2
8337 2
8338 0
8339 2
8340 4
8341 2
8342 0
8343 4
8344 2
8345 3
8346 4
8347 2
8348 2
8349 3
8350 2
8351 1
8352 1
8353 4
8354 2
8355 2
8356 3
8357 2
8358 3
8359 1
8360 2
8361 2
8362 1
8363 0
8364 4
8365 2
8366 1
8367 2
8368 3
8369 4
8370 4
8371 1
8372 2
8373 4
8374 2
8375 2
8376 4
8377 2
8378 4
8379 3
8380 1
8381 1
8382 2
8383 4
8384 0
8385 2
8386 1
8387 1
8388 3
8389 2
8390 1
8391 4
8392 4
8393 1
8394 3
8395 2
8396 4
8397 2
8398 2
8399 2
8400 3
8401 2
8402 2
8403 0
8404 2
8405 3
8406 3
8407 3
8408 2
8409 2
8410 4
8411 3
8412 2
8413 0
8414 2
8415 1
8416 2
8417 4
8418 4
8419 1
8420 3
8421 0
8422 2
8423 4
8424 1
8425 4
8426 4
8427 3
8428 1
8429 2
8430 1
8431 2
8432 2
8433 2
8434 1
8435 2
8436 2
8437 1
8438 2
8439 2
8440 3
8441 1
8442 1
8443 3
8444 1
8445 2
8446 1
8447 1
8448 2
8449 2
8450 0
8451 2
8452 3
8453 1
8454 2
8455 1
8456 1
8457 2
8458 3
8459 4
8460 1
8461 2
8462 2
8463 4
8464 2
8465 1
8466 1
8467 1
8468 1
8469 2
8470 1
8471 2
8472 2
8473 2
8474 2
8475 2
8476 2
8477 2
8478 4
8479 2
8480 1
8481 2
8482 2
8483 3
8484 0
8485 4
8486 1
8487 2
8488 3
8489 2
8490 0
8491 2
8492 2
8493 1
8494 2
8495 2
8496 4
8497 2
8498 0
8499 1
8500 2
8501 1
8502 3
8503 2
8504 4
8505 2
8506 1
8507 3
8508 1
8509 4
8510 3
8511 3
8512 0
8513 1
8514 2
8515 4
8516 4
8517 2
8518 2
8519 3
8520 2
8521 2
8522 1
8523 1
8524 2
8525 4
8526 3
8527 4
8528 4
8529 2
8530 3
8531 2
8532 3
8533 4
8534 2
8535 2
8536 2
8537 2
8538 2
8539 0
8540 1
8541 2
8542 4
8543 4
8544 2
8545 4
8546 3
8547 1
8548 1
8549 3
8550 2
8551 0
8552 2
8553 2
8554 1
8555 1
8556 3
8557 3
8558 4
8559 2
8560 2
8561 3
8562 2
8563 3
8564 1
8565 2
8566 2
8567 0
8568 2
8569 2
8570 2
8571 3
8572 2
8573 0
8574 0
8575 2
8576 1
8577 3
8578 2
8579 3
8580 2
8581 3
8582 3
8583 3
8584 2
8585 2
8586 3
8587 0
8588 0
8589 2
8590 2
8591 2
8592 0
8593 3
8594 0
8595 1
8596 4
8597 4
8598 2
8599 2
8600 4
8601 2
8602 0
8603 3
8604 2
8605 2
8606 2
8607 2
8608 4
8609 2
8610 1
8611 4
8612 1
8613 2
8614 3
8615 1
8616 2
8617 2
8618 4
8619 1
8620 3
8621 2
8622 2
8623 2
8624 2
8625 2
8626 4
8627 0
8628 3
8629 1
8630 3
8631 2
8632 1
8633 2
8634 2
8635 3
8636 4
8637 2
8638 0
8639 2
8640 4
8641 0
8642 2
8643 4
8644 2
8645 1
8646 3
8647 3
8648 0
8649 1
8650 1
8651 1
8652 2
8653 3
8654 3
8655 1
8656 2
8657 1
8658 2
8659 1
8660 2
8661 3
8662 1
8663 3
8664 0
8665 4
8666 2
8667 2
8668 2
8669 1
8670 3
8671 2
8672 3
8673 1
8674 2
8675 0
8676 1
8677 2
8678 3
8679 2
8680 2
8681 2
8682 3
8683 2
8684 1
8685 2
8686 2
8687 2
8688 2
8689 2
8690 3
8691 0
8692 4
8693 4
8694 2
8695 2
8696 4
8697 3
8698 1
8699 2
8700 4
8701 1
8702 4
8703 2
8704 2
8705 3
8706 1
8707 2
8708 1
8709 4
8710 0
8711 3
8712 1
8713 2
8714 2
8715 4
8716 2
8717 2
8718 3
8719 2
8720 3
8721 4
8722 2
8723 2
8724 1
8725 4
8726 3
8727 0
8728 2
8729 4
8730 2
8731 4
8732 2
8733 2
8734 2
8735 1
8736 4
8737 3
8738 4
8739 4
8740 1
8741 2
8742 4
8743 1
8744 3
8745 3
8746 0
8747 1
8748 1
8749 2
8750 2
8751 2
8752 1
8753 2
8754 2
8755 1
8756 3
8757 2
8758 1
8759 4
8760 1
8761 4
8762 3
8763 1
8764 3
8765 4
8766 1
8767 1
8768 2
8769 0
8770 4
8771 4
8772 2
8773 2
8774 3
8775 3
8776 2
8777 2
8778 3
8779 2
8780 2
8781 2
8782 2
8783 1
8784 1
8785 2
8786 1
8787 2
8788 2
8789 2
8790 4
8791 3
8792 4
8793 2
8794 3
8795 2
8796 3
8797 2
8798 3
8799 2
8800 2
8801 1
8802 4
8803 0
8804 2
8805 2
8806 4
8807 3
8808 1
8809 4
8810 1
8811 1
8812 2
8813 1
8814 3
8815 1
8816 0
8817 4
8818 4
8819 1
8820 2
8821 2
8822 2
8823 2
8824 3
8825 2
8826 1
8827 3
8828 4
8829 3
8830 1
8831 2
8832 1
8833 2
8834 1
8835 2
8836 1
8837 0
8838 1
8839 4
8840 2
8841 1
8842 0
8843 1
8844 0
8845 1
8846 3
8847 2
8848 0
8849 0
8850 3
8851 4
8852 1
8853 2
8854 1
8855 2
8856 1
8857 3
8858 1
8859 1
8860 3
8861 0
8862 2
8863 2
8864 2
8865 3
8866 2
8867 2
8868 2
8869 2
8870 0
8871 0
8872 3
8873 4
8874 4
8875 3
8876 1
8877 3
8878 2
8879 2
8880 2
8881 4
8882 2
8883 3
8884 2
8885 2
8886 3
8887 3
8888 3
8889 4
8890 2
8891 2
8892 4
8893 3
8894 2
8895 3
8896 2
8897 4
8898 1
8899 2
8900 2
8901 2
8902 2
8903 1
8904 3
8905 2
8906 3
8907 3
8908 2
8909 4
8910 0
8911 2
8912 1
8913 3
8914 4
8915 4
8916 3
8917 4
8918 2
8919 2
8920 3
8921 2
8922 4
8923 2
8924 3
8925 2
8926 4
8927 2
8928 3
8929 2
8930 0
8931 2
8932 2
8933 4
8934 2
8935 1
8936 1
8937 4
8938 3
8939 3
8940 1
8941 1
8942 3
8943 2
8944 3
8945 2
8946 2
8947 2
8948 3
8949 2
8950 1
8951 2
8952 2
8953 4
8954 2
8955 2
8956 3
8957 1
8958 1
8959 4
8960 2
8961 2
8962 4
8963 2
8964 3
8965 4
8966 1
8967 1
8968 1
8969 1
8970 2
8971 2
8972 3
8973 4
8974 1
8975 2
8976 2
8977 2
8978 4
8979 2
8980 3
8981 3
8982 2
8983 4
8984 3
8985 2
8986 2
8987 1
8988 4
8989 3
8990 4
8991 2
8992 0
8993 2
8994 1
8995 3
8996 2
8997 1
8998 1
8999 3
9000 2
9001 4
9002 1
9003 1
9004 1
9005 3
9006 3
9007 2
9008 1
9009 2
9010 4
9011 4
9012 0
9013 2
9014 4
9015 1
9016 0
9017 4
9018 3
9019 4
9020 3
9021 4
9022 4
9023 1
9024 2
9025 4
9026 2
9027 3
9028 1
9029 0
9030 2
9031 4
9032 1
9033 2
9034 2
9035 2
9036 4
9037 3
9038 2
9039 3
9040 3
9041 1
9042 3
9043 2
9044 2
9045 1
9046 0
9047 3
9048 1
9049 1
9050 3
9051 0
9052 2
9053 2
9054 2
9055 2
9056 2
9057 2
9058 4
9059 2
9060 1
9061 4
9062 2
9063 2
9064 2
9065 2
9066 4
9067 2
9068 1
9069 1
9070 1
9071 3
9072 1
9073 1
9074 3
9075 3
9076 1
9077 2
9078 4
9079 3
9080 1
9081 2
9082 3
9083 2
9084 0
9085 3
9086 2
9087 2
9088 2
9089 0
9090 1
9091 4
9092 2
9093 3
9094 2
9095 3
9096 4
9097 3
9098 2
9099 4
9100 4
9101 3
9102 2
9103 2
9104 2
9105 1
9106 2
9107 2
9108 3
9109 4
9110 2
9111 1
9112 3
9113 2
9114 2
9115 2
9116 2
9117 2
9118 0
9119 1
9120 2
9121 1
9122 4
9123 1
9124 4
9125 2
9126 2
9127 4
9128 1
9129 4
9130 2
9131 3
9132 1
9133 1
9134 3
9135 3
9136 2
9137 2
9138 3
9139 4
9140 2
9141 2
9142 2
9143 1
9144 3
9145 2
9146 1
9147 0
9148 3
9149 2
9150 1
9151 2
9152 3
9153 1
9154 0
9155 1
9156 4
9157 4
9158 0
9159 1
9160 2
9161 3
9162 1
9163 3
9164 0
9165 1
9166 4
9167 1
9168 4
9169 1
9170 4
9171 2
9172 1
9173 1
9174 1
9175 2
9176 0
9177 3
9178 2
9179 1
9180 2
9181 2
9182 4
9183 3
9184 2
9185 2
9186 3
9187 4
9188 2
9189 2
9190 1
9191 4
9192 4
9193 3
9194 3
9195 1
9196 0
9197 3
9198 4
9199 1
9200 4
9201 4
9202 1
9203 4
9204 2
9205 2
9206 2
9207 2
9208 1
9209 3
9210 2
9211 0
9212 2
9213 4
9214 0
9215 1
9216 3
9217 3
9218 4
9219 4
9220 4
9221 1
9222 1
9223 1
9224 4
9225 2
9226 4
9227 1
9228 3
9229 1
9230 2
9231 2
9232 3
9233 3
9234 1
9235 2
9236 2
9237 1
9238 2
9239 2
9240 4
9241 2
9242 4
9243 4
9244 2
9245 2
9246 4
9247 3
9248 1
9249 4
9250 3
9251 2
9252 1
9253 2
9254 2
9255 3
9256 2
9257 2
9258 2
9259 2
9260 2
9261 3
9262 1
9263 0
9264 3
9265 4
9266 2
9267 4
9268 2
9269 1
9270 2
9271 2
9272 1
9273 4
9274 2
9275 4
9276 2
9277 2
9278 2
9279 2
9280 1
9281 4
9282 0
9283 4
9284 2
9285 2
9286 2
9287 3
9288 1
9289 1
9290 2
9291 1
9292 1
9293 2
9294 2
9295 2
9296 1
9297 3
9298 2
9299 2
9300 2
9301 3
9302 4
9303 3
9304 1
9305 1
9306 2
9307 3
9308 4
9309 1
9310 2
9311 1
9312 2
9313 2
9314 2
9315 4
9316 4
9317 2
9318 4
9319 3
9320 4
9321 0
9322 2
9323 2
9324 1
9325 1
9326 2
9327 2
9328 2
9329 2
9330 2
9331 3
9332 2
9333 3
9334 3
9335 3
9336 1
9337 1
9338 1
9339 2
9340 4
9341 2
9342 2
9343 2
9344 2
9345 3
9346 1
9347 3
9348 2
9349 3
9350 1
9351 4
9352 4
9353 3
9354 1
9355 2
9356 4
9357 2
9358 1
9359 2
9360 4
9361 3
9362 2
9363 2
9364 1
9365 4
9366 3
9367 0
9368 4
9369 2
9370 3
9371 1
9372 2
9373 3
9374 3
9375 1
9376 4
9377 2
9378 2
9379 3
9380 0
9381 3
9382 1
9383 0
9384 4
9385 2
9386 2
9387 4
9388 2
9389 2
9390 2
9391 2
9392 2
9393 1
9394 3
9395 3
9396 2
9397 1
9398 2
9399 0
9400 2
9401 2
9402 2
9403 2
9404 2
9405 0
9406 2
9407 2
9408 1
9409 3
9410 3
9411 1
9412 1
9413 4
9414 2
9415 3
9416 2
9417 1
9418 3
9419 4
9420 4
9421 0
9422 1
9423 4
9424 2
9425 2
9426 3
9427 2
9428 3
9429 0
9430 2
9431 2
9432 2
9433 0
9434 4
9435 0
9436 2
9437 2
9438 1
9439 3
9440 4
9441 3
9442 0
9443 1
9444 2
9445 2
9446 1
9447 3
9448 1
9449 2
9450 2
9451 1
9452 3
9453 1
9454 2
9455 3
9456 3
9457 4
9458 1
9459 4
9460 3
9461 1
9462 4
9463 3
9464 2
9465 2
9466 3
9467 1
9468 3
9469 0
9470 1
9471 2
9472 3
9473 2
9474 2
9475 3
9476 2
9477 2
9478 4
9479 4
9480 4
9481 4
9482 1
9483 2
9484 2
9485 2
9486 0
9487 1
9488 1
9489 2
9490 2
9491 2
9492 2
9493 1
9494 3
9495 4
9496 2
9497 1
9498 3
9499 1
9500 4
9501 1
9502 2
9503 1
9504 1
9505 2
9506 1
9507 1
9508 2
9509 2
9510 1
9511 4
9512 2
9513 3
9514 1
9515 0
9516 2
9517 1
9518 4
9519 4
9520 1
9521 2
9522 0
9523 2
9524 0
9525 1
9526 0
9527 2
9528 2
9529 2
9530 2
9531 2
9532 2
9533 4
9534 2
9535 1
9536 2
9537 2
9538 2
9539 1
9540 0
9541 3
9542 4
9543 1
9544 2
9545 2
9546 1
9547 3
9548 2
9549 0
9550 4
9551 1
9552 2
9553 0
9554 2
9555 1
9556 0
9557 2
9558 2
9559 2
9560 2
9561 1
9562 3
9563 4
9564 3
9565 1
9566 4
9567 4
9568 3
9569 3
9570 4
9571 2
9572 1
9573 2
9574 0
9575 2
9576 2
9577 1
9578 2
9579 2
9580 1
9581 2
9582 1
9583 3
9584 1
9585 4
9586 2
9587 2
9588 2
9589 1
9590 2
9591 2
9592 1
9593 1
9594 2
9595 3
9596 4
9597 2
9598 1
9599 4
9600 3
9601 2
9602 2
9603 2
9604 2
9605 2
9606 2
9607 0
9608 2
9609 1
9610 3
9611 3
9612 2
9613 3
9614 1
9615 0
9616 4
9617 2
9618 2
9619 4
9620 2
9621 3
9622 2
9623 4
9624 2
9625 3
9626 2
9627 1
9628 1
9629 2
9630 0
9631 2
9632 2
9633 1
9634 2
9635 2
9636 4
9637 1
9638 1
9639 1
9640 2
9641 2
9642 4
9643 4
9644 1
9645 3
9646 3
9647 1
9648 1
9649 4
9650 2
9651 1
9652 2
9653 4
9654 4
9655 3
9656 2
9657 2
9658 3
9659 2
9660 2
9661 4
9662 3
9663 3
9664 2
9665 2
9666 1
9667 3
9668 4
9669 3
9670 3
9671 2
9672 2
9673 4
9674 2
9675 3
9676 2
9677 1
9678 1
9679 2
9680 1
9681 3
9682 3
9683 2
9684 2
9685 2
9686 2
9687 0
9688 2
9689 4
9690 1
9691 2
9692 1
9693 2
9694 2
9695 2
9696 1
9697 2
9698 1
9699 2
9700 2
9701 2
9702 3
9703 2
9704 3
9705 1
9706 4
9707 4
9708 2
9709 4
9710 1
9711 4
9712 1
9713 1
9714 2
9715 2
9716 1
9717 2
9718 2
9719 2
9720 2
9721 2
9722 4
9723 3
9724 2
9725 2
9726 2
9727 2
9728 1
9729 1
9730 1
9731 2
9732 4
9733 4
9734 1
9735 2
9736 3
9737 2
9738 2
9739 1
9740 3
9741 0
9742 3
9743 2
9744 1
9745 2
9746 0
9747 2
9748 2
9749 4
9750 1
9751 4
9752 2
9753 3
9754 2
9755 4
9756 2
9757 1
9758 1
9759 4
9760 3
9761 1
9762 4
9763 2
9764 2
9765 2
9766 1
9767 2
9768 3
9769 2
9770 4
9771 2
9772 3
9773 3
9774 1
9775 3
9776 0
9777 4
9778 4
9779 3
9780 3
9781 4
9782 2
9783 1
9784 2
9785 2
9786 3
9787 1
9788 0
9789 3
9790 1
9791 3
9792 4
9793 1
9794 2
9795 4
9796 4
9797 1
9798 0
9799 3
9800 3
9801 4
9802 0
9803 0
9804 3
9805 4
9806 1
9807 3
9808 3
9809 1
9810 4
9811 2
9812 2
9813 2
9814 2
9815 4
9816 4
9817 2
9818 2
9819 4
9820 4
9821 2
9822 1
9823 2
9824 2
9825 3
9826 2
9827 2
9828 2
9829 4
9830 2
9831 3
9832 1
9833 3
9834 1
9835 2
9836 2
9837 1
9838 0
9839 1
9840 4
9841 1
9842 1
9843 3
9844 2
9845 0
9846 2
9847 1
9848 0
9849 1
9850 3
9851 2
9852 2
9853 3
9854 4
9855 4
9856 4
9857 1
9858 3
9859 3
9860 3
9861 2
9862 2
9863 2
9864 3
9865 3
9866 4
9867 4
9868 2
9869 2
9870 1
9871 2
9872 3
9873 2
9874 1
9875 3
9876 1
9877 4
9878 0
9879 2
9880 1
9881 1
9882 4
9883 3
9884 2
9885 2
9886 4
9887 1
9888 2
9889 2
9890 4
9891 1
9892 1
9893 3
9894 2
9895 2
9896 3
9897 3
9898 2
9899 4
9900 2
9901 2
9902 4
9903 1
9904 1
9905 1
9906 2
9907 4
9908 3
9909 1
9910 4
9911 4
9912 3
9913 1
9914 3
9915 1
9916 3
9917 2
9918 1
9919 2
9920 3
9921 2
9922 2
9923 2
9924 2
9925 2
9926 2
9927 4
9928 2
9929 4
9930 1
9931 2
9932 1
9933 1
9934 3
9935 2
9936 3
9937 2
9938 2
9939 2
9940 2
9941 2
9942 4
9943 4
9944 1
9945 1
9946 2
9947 2
9948 3
9949 2
9950 1
9951 1
9952 2
9953 4
9954 2
9955 1
9956 1
9957 0
9958 2
9959 2
9960 2
9961 2
9962 1
9963 1
9964 3
9965 2
9966 1
9967 2
9968 1
9969 2
9970 4
9971 3
9972 1
9973 4
9974 1
9975 2
9976 4
9977 2
9978 0
9979 4
9980 4
9981 4
9982 1
9983 1
9984 3
9985 0
9986 0
9987 1
9988 2
9989 2
9990 2
9991 3
9992 3
9993 3
9994 3
9995 2
9996 2
9997 2
9998 2
9999 3
