112 303 112 495 495 0 0 0 607 358 1049 358 997 997 0 0 0 1355 721 2216 721 2273 2273 71 62 9 2994 334 1062 334 1068 1068 85 66 19 1402 289 902 289 700 700 113 69 44 989 0
0 0 0 0 0 0 0 0 0 0 0 0 0 0 0 0 0 0 0 0 1 0 0 0 0 0 1 0 0 0 0 0 0 0 0 0 0 0 0 0 0 0 0 0 0 1
109 315 109 487 487 0 0 0 596 335 1054 335 967 967 0 0 0 1302 712 2230 713 2244 2244 48 47 1 2957 352 1009 352 1015 1015 105 85 20 1367 287 881 287 776 776 93 57 36 1063 2
119 310 119 460 460 0 0 0 579 379 1012 380 964 964 0 0 0 1344 732 2163 732 2279 2279 43 42 1 3011 343 1032 343 1004 1004 94 78 16 1347 281 872 281 682 682 109 65 44 963 3
108 329 108 460 460 0 0 0 568 352 1029 352 1011 1011 0 0 0 1363 744 2159 745 2255 2255 74 67 7 3000 357 1014 357 985 985 72 65 7 1342 284 892 284 712 712 90 51 39 996 4
111 314 111 450 450 0 0 0 561 328 1073 328 920 920 0 0 0 1248 763 2177 763 2353 2353 46 44 2 3116 316 1082 316 1029 1029 93 79 14 1345 317 865 317 760 760 117 69 48 1077 5
97 329 97 474 474 0 0 0 571 327 1062 327 955 955 0 0 0 1282 723 2204 723 2258 2258 73 67 6 2981 351 1037 351 1061 1061 114 93 21 1412 317 890 317 775 775 88 43 45 1092 6
109 325 109 438 438 0 0 0 547 334 1071 334 1042 1042 1 1 0 1376 764 2211 764 2211 2211 63 56 7 2975 356 1056 356 1057 1057 96 77 19 1413 306 872 306 788 788 137 80 57 1094 7
101 332 101 486 486 0 0 0 587 343 1052 343 1014 1014 0 0 0 1357 729 2177 729 2224 2224 82 78 4 2953 343 1017 343 1022 1022 107 92 15 1365 270 915 270 748 748 130 73 57 1018 8
109 330 109 502 502 0 0 0 611 368 1020 368 899 899 3 3 0 1267 680 2229 680 2275 2275 50 45 5 2955 350 1001 350 989 989 102 87 15 1339 300 877 300 793 793 139 73 66 1093 9
98 331 98 467 467 0 0 0 565 344 1038 344 918 918 0 0 0 1262 756 2189 756 2267 2267 65 63 2 3023 366 1013 366 1029 1029 82 76 6 1395 288 887 288 778 778 137 73 64 1066 10
117 330 117 459 459 0 0 0 576 359 1060 359 984 984 0 0 0 1343 742 2235 742 2230 2230 82 78 4 2972 337 1034 337 1079 1079 81 70 11 1416 301 875 301 783 783 124 73 51 1084 11
111 311 111 484 484 0 0 0 595 303 1045 303 867 867 0 0 0 1170 748 2156 748 2226 2226 42 42 0 2974 343 987 343 1029 1029 117 97 20 1372 282 870 282 764 764 112 63 49 1046 12
107 329 107 514 514 0 0 0 621 330 1064 330 913 913 0 0 0 1243 701 2261 701 2335 2335 53 49 4 3036 354 1027 354 1054 1054 106 88 18 1408 296 867 296 733 733 126 68 58 1029 13
109 328 109 497 497 0 0 0 606 369 1059 369 950 950 0 0 0 1319 718 2242 718 2281 2281 51 50 1 2999 336 1036 336 1027 1027 75 64 11 1363 291 871 291 782 782 122 50 72 1073 14
116 316 116 481 481 0 0 0 597 355 1048 355 975 975 0 0 0 1330 752 2200 752 2277 2277 75 71 4 3029 337 1047 337 1060 1060 134 111 23 1397 316 876 316 695 695 103 51 52 1011 15
99 333 99 506 506 0 0 0 605 354 1048 354 961 961 0 0 0 1315 688 2269 689 2321 2321 63 56 7 3010 364 1032 364 1060 1060 104 85 19 1424 259 897 259 731 731 168 89 79 990 16
114 308 114 463 463 0 0 0 577 369 1020 369 925 925 0 0 0 1294 755 2180 755 2204 2204 48 45 3 2959 347 1012 347 1046 1046 90 77 13 1393 294 882 294 765 765 117 67 50 1059 17
117 316 117 487 487 0 0 0 604 337 1055 337 949 949 0 0 0 1286 756 2178 756 2292 2292 59 56 3 3048 355 1026 355 1037 1037 104 83 21 1392 282 866 282 677 677 97 53 44 959 18
106 330 106 488 488 0 0 0 594 360 1045 360 964 964 0 0 0 1324 779 2164 779 2292 2292 44 39 5 3071 356 1038 356 1031 1031 88 74 14 1387 303 893 303 696 696 112 64 48 999 19
112 323 112 475 475 0 0 0 587 333 1011 333 984 984 0 0 0 1317 697 2179 697 2173 2173 49 47 2 2870 354 1056 354 1072 1072 85 66 19 1426 276 873 276 739 739 109 71 38 1015 20
117 314 117 524 524 0 0 0 641 347 1068 347 937 937 0 0 0 1284 767 2218 768 2276 2276 60 59 1 3044 369 1047 369 1060 1060 69 58 11 1429 306 892 306 742 742 130 77 53 1048 21
114 321 114 514 514 0 0 0 628 358 1025 358 917 917 0 0 0 1275 708 2235 708 2236 2236 60 58 2 2944 329 1040 329 1059 1059 98 80 18 1388 275 875 275 771 771 127 69 58 1046 22
134 306 134 444 444 0 0 0 578 358 1085 358 962 962 0 0 0 1320 760 2259 761 2350 2350 72 68 4 3111 372 1049 372 1060 1060 119 97 22 1432 318 883 318 766 766 160 95 65 1084 23
100 334 100 459 459 0 0 0 559 326 1024 326 929 929 0 0 0 1255 707 2162 708 2225 2225 36 34 2 2933 319 1031 319 1028 1028 111 94 17 1347 329 835 329 745 745 115 64 51 1074 24
111 339 111 410 410 0 0 0 521 370 1091 370 1022 1022 0 0 0 1392 754 2228 755 2299 2299 81 79 2 3054 378 1010 378 1111 1111 77 61 16 1489 314 883 314 709 709 112 58 54 1023 25
101 325 101 494 494 0 0 0 595 345 1047 345 933 933 4 4 0 1278 716 2245 716 2284 2284 51 48 3 3000 340 1024 340 1033 1033 102 82 20 1373 265 873 265 771 771 103 56 47 1036 26
103 323 103 492 492 0 0 0 595 339 1031 339 961 961 0 0 0 1300 729 2199 729 2290 2290 57 54 3 3019 344 1060 344 1029 1029 130 110 20 1373 287 897 287 739 739 104 64 40 1026 27
118 344 118 458 458 0 0 0 576 332 1087 332 915 915 0 0 0 1247 763 2162 763 2274 2274 51 47 4 3037 356 1011 356 1074 1074 88 75 13 1430 290 866 290 750 750 122 58 64 1040 28
105 334 105 459 459 0 0 0 564 374 1051 374 993 993 0 0 0 1367 716 2206 716 2278 2278 65 58 7 2994 347 1049 347 1098 1098 126 103 23 1445 301 893 301 706 706 112 72 40 1007 29
114 321 114 460 460 0 0 0 574 334 1018 334 944 944 1 1 0 1278 707 2208 707 2240 2240 59 57 2 2947 335 1026 335 1073 1073 107 91 16 1408 298 865 298 722 722 129 77 52 1020 30
111 351 111 473 473 0 0 0 584 364 1072 364 1008 1008 0 0 0 1372 730 2274 730 2327 2327 72 66 6 3057 361 1047 361 1077 1077 76 70 6 1438 317 912 317 772 772 118 67 51 1089 31
113 314 113 474 474 0 0 0 587 348 1084 348 978 978 0 0 0 1326 777 2223 777 2306 2306 63 59 4 3083 377 1063 377 1096 1096 105 88 17 1473 268 906 268 737 737 104 57 47 1005 32
99 318 99 464 464 0 0 0 563 361 1019 361 965 965 0 0 0 1326 695 2178 695 2203 2203 50 44 6 2898 330 1021 330 978 978 87 75 12 1308 268 881 268 808 808 130 80 50 1076 33
123 329 123 526 526 0 0 0 649 369 1059 369 989 989 0 0 0 1358 746 2289 746 2364 2364 66 59 7 3110 344 1074 344 1053 1053 95 85 10 1397 287 917 287 737 737 158 91 67 1024 34
91 339 91 450 450 0 0 0 541 349 1007 349 922 922 0 0 0 1271 722 2223 722 2334 2334 66 61 5 3056 378 1015 378 1071 1071 103 87 16 1449 277 925 277 733 733 128 67 61 1010 35
109 333 109 475 475 0 0 0 584 356 1049 356 930 930 1 1 0 1286 736 2143 736 2228 2228 68 67 1 2964 349 1020 349 1110 1110 115 95 20 1459 272 890 272 693 693 87 53 34 965 36
93 340 93 487 487 0 0 0 580 378 1071 378 957 957 0 0 0 1335 768 2227 768 2279 2279 80 70 10 3047 356 1024 356 1085 1085 57 42 15 1441 334 884 334 739 739 103 58 45 1073 37
122 300 122 471 471 0 0 0 593 334 1040 335 941 941 0 0 0 1276 718 2274 718 2286 2286 47 47 0 3004 320 1047 320 1075 1075 104 82 22 1395 294 867 294 755 755 106 68 38 1049 38
97 331 97 426 426 0 0 0 523 348 1033 348 885 885 0 0 0 1233 716 2135 716 2353 2353 59 56 3 3069 361 1002 361 1009 1009 75 61 14 1370 274 868 274 697 697 94 54 40 971 39
110 332 110 457 457 0 0 0 567 367 1074 367 885 885 0 0 0 1252 772 2222 772 2414 2414 51 50 1 3186 364 1050 364 1084 1084 116 96 20 1448 294 906 295 744 744 89 48 41 1039 40
115 337 115 472 472 0 0 0 587 341 1040 341 883 883 0 0 0 1224 733 2190 733 2266 2266 63 62 1 2999 345 986 345 1000 1000 113 93 20 1345 299 854 299 787 787 118 61 57 1086 41
101 331 101 432 432 0 0 0 533 341 1046 341 926 926 0 0 0 1267 729 2212 729 2308 2308 56 52 4 3037 341 1021 341 1039 1039 95 80 15 1380 287 891 288 796 796 102 65 37 1084 42
109 324 109 470 470 0 0 0 579 356 1050 356 941 941 0 0 0 1297 793 2190 793 2209 2209 44 41 3 3002 359 1029 359 987 987 98 85 13 1346 305 858 305 845 845 108 59 49 1150 43
109 326 110 431 431 0 0 0 541 360 1067 360 906 906 0 0 0 1266 741 2201 741 2346 2346 75 71 4 3087 363 1025 363 1122 1122 108 93 15 1485 327 873 327 687 687 128 72 56 1014 44
112 314 112 463 463 0 0 0 575 341 1036 341 911 911 0 0 0 1252 717 2188 717 2290 2290 43 39 4 3007 319 1020 320 1019 1019 127 102 25 1339 272 884 272 759 759 137 81 56 1031 45
133 306 133 504 504 0 0 0 637 340 1032 340 941 941 0 0 0 1281 711 2219 712 2250 2250 45 44 1 2962 359 1022 359 1034 1034 101 83 18 1393 329 884 329 734 734 111 68 43 1063 46
106 322 106 482 482 0 0 0 588 351 1062 351 922 922 0 0 0 1273 818 2122 818 2229 2229 43 41 2 3047 317 1044 317 1042 1042 120 107 13 1359 292 890 292 766 766 137 63 74 1058 47
123 312 123 477 477 0 0 0 600 347 1071 347 944 944 0 0 0 1291 779 2165 779 2327 2327 68 66 2 3106 317 1087 317 1037 1037 106 91 15 1354 316 883 316 734 734 105 54 51 1050 48
109 332 109 431 431 0 0 0 540 358 1070 358 945 945 0 0 0 1303 787 2207 787 2347 2347 72 68 4 3134 343 1043 343 1060 1060 100 81 19 1403 322 901 322 771 771 117 57 60 1093 49
122 321 122 483 483 0 0 0 605 351 1019 351 929 929 0 0 0 1280 721 2254 721 2298 2298 44 43 1 3019 343 1036 343 1070 1070 97 76 21 1413 280 886 280 737 737 136 74 62 1017 50
117 295 117 468 468 0 0 0 585 364 1031 364 968 968 0 0 0 1332 698 2229 698 2234 2234 52 47 5 2932 348 1035 348 1068 1068 105 89 16 1416 315 864 316 716 716 99 56 43 1032 51
107 339 107 484 484 0 0 0 591 352 1052 352 944 944 0 0 0 1296 716 2195 716 2235 2235 59 54 5 2951 308 1027 308 1058 1058 107 85 22 1366 290 885 290 778 778 120 67 53 1068 52
99 338 100 482 482 0 0 0 582 382 1032 382 873 873 1 1 0 1255 793 2183 793 2253 2253 85 79 6 3046 335 1024 335 1094 1094 101 86 15 1429 299 880 299 755 755 93 51 42 1054 53
97 322 97 432 432 0 0 0 529 320 1029 320 955 955 0 0 0 1275 676 2184 676 2218 2218 47 45 2 2894 306 1019 306 1060 1060 63 53 10 1366 272 867 272 757 757 106 61 45 1029 54
109 318 109 500 500 0 0 0 609 360 1084 360 988 988 0 0 0 1348 758 2223 758 2276 2276 56 53 3 3034 340 1045 340 1012 1012 101 81 20 1352 272 901 273 795 795 132 65 67 1068 55
113 324 113 502 502 0 0 0 615 320 1065 320 934 934 0 0 0 1254 705 2139 705 2239 2239 51 47 4 2944 366 1039 366 958 958 100 90 10 1324 274 861 274 796 796 108 63 45 1070 56
112 323 112 461 461 0 0 0 573 368 1037 368 972 972 0 0 0 1340 789 2170 789 2245 2245 56 49 7 3034 342 1054 342 1025 1025 120 104 16 1367 286 892 286 774 774 109 64 45 1060 57
120 325 120 470 470 0 0 0 590 363 1048 363 924 924 0 0 0 1287 678 2199 678 2299 2299 45 43 2 2977 311 1052 311 1027 1027 100 80 20 1338 316 840 316 745 745 99 61 38 1061 58
107 326 107 438 438 0 0 0 545 353 1024 353 959 959 2 2 0 1312 703 2219 704 2325 2325 51 48 3 3029 348 1031 348 984 984 94 77 17 1332 274 894 274 788 788 123 70 53 1062 59
114 322 114 485 485 0 0 0 599 365 1056 365 916 916 0 0 0 1281 740 2231 740 2293 2293 59 54 5 3033 352 1048 352 1000 1000 105 90 15 1352 333 839 333 803 803 107 62 45 1136 60
104 317 104 461 461 0 0 0 565 322 1045 322 922 922 0 0 0 1244 675 2219 675 2237 2237 46 45 1 2912 333 1025 333 1100 1100 131 110 21 1433 313 842 313 729 729 92 49 43 1042 61
107 317 107 503 503 0 0 0 610 378 1044 378 915 915 1 1 0 1293 770 2216 770 2300 2300 58 54 4 3070 358 1037 358 1029 1029 79 65 14 1387 273 889 273 757 757 139 75 64 1030 62
108 322 108 514 514 0 0 0 622 363 1053 363 954 954 1 1 0 1317 703 2243 703 2315 2315 72 66 6 3018 365 1006 365 1045 1045 110 97 13 1410 289 881 289 678 678 116 67 49 967 63
98 306 98 474 474 0 0 0 572 339 1060 339 929 929 0 0 0 1268 735 2231 735 2215 2215 46 43 3 2950 344 1029 344 1137 1137 107 90 17 1481 308 870 308 742 742 103 55 48 1050 64
106 321 107 438 438 0 0 0 545 345 1071 345 941 941 2 1 1 1286 776 2178 776 2339 2339 60 58 2 3115 382 1012 382 1012 1012 82 73 9 1394 284 887 284 739 739 120 66 54 1023 65
116 329 116 507 507 0 0 0 623 350 1069 350 1008 1008 0 0 0 1358 766 2245 766 2334 2334 55 52 3 3100 337 1055 337 1012 1012 92 73 19 1349 290 918 290 756 756 124 73 51 1046 66
95 338 95 456 456 0 0 0 551 370 1031 370 970 970 0 0 0 1340 724 2197 724 2308 2308 48 44 4 3032 338 1004 338 1016 1016 90 73 17 1354 276 909 276 730 730 129 73 56 1006 67
101 339 101 476 476 0 0 0 577 359 1045 359 943 943 0 0 0 1302 760 2196 760 2264 2264 68 67 1 3024 371 1007 371 1049 1049 77 65 12 1420 288 859 288 715 715 114 67 47 1003 68
108 337 108 495 495 0 0 0 603 367 1009 367 1011 1011 3 3 0 1378 757 2165 757 2230 2230 68 63 5 2987 347 1017 347 988 988 97 82 15 1335 285 893 285 698 698 113 75 38 983 69
91 330 91 445 445 0 0 0 536 378 1025 379 907 907 1 1 0 1286 738 2171 738 2249 2249 61 59 2 2987 328 1047 328 1079 1079 128 109 19 1407 291 899 291 792 792 131 74 57 1083 70
111 321 111 453 453 0 0 0 564 351 1019 351 1014 1014 0 0 0 1365 726 2247 727 2328 2328 52 50 2 3055 355 1038 355 967 967 99 90 9 1322 292 909 292 772 772 140 69 71 1064 71
94 335 94 487 487 0 0 0 581 319 1047 319 917 917 0 0 0 1236 717 2201 717 2229 2229 75 71 4 2946 373 977 374 1042 1042 79 60 19 1416 298 862 298 747 747 84 43 41 1045 72
95 329 95 457 457 0 0 0 552 368 1002 368 925 925 1 1 0 1293 728 2131 728 2261 2261 62 56 6 2989 346 992 346 1009 1009 87 77 10 1355 290 851 290 654 654 117 58 59 944 73
108 316 108 482 482 0 0 0 590 348 1009 348 991 991 0 0 0 1339 732 2138 732 2161 2161 57 52 5 2893 331 1010 332 1007 1007 92 74 18 1339 265 866 265 698 698 105 50 55 963 74
112 304 112 403 403 0 0 0 515 354 1020 354 960 960 0 0 0 1314 721 2162 721 2129 2129 57 54 3 2850 338 1006 339 1096 1096 110 88 22 1435 302 838 302 742 742 117 61 56 1044 75
101 339 101 471 471 0 0 0 572 346 1082 346 918 918 0 0 0 1264 758 2238 758 2282 2282 68 64 4 3040 353 1023 353 1078 1078 94 77 17 1431 305 885 306 818 818 140 82 58 1124 76
109 307 109 465 465 0 0 0 574 356 1025 356 891 891 0 0 0 1247 751 2197 751 2260 2260 71 69 2 3011 363 1015 363 1065 1065 95 82 13 1428 285 896 285 760 760 123 60 63 1045 77
108 321 108 452 452 0 0 0 560 358 1001 358 925 925 0 0 0 1283 727 2172 727 2275 2275 59 56 3 3002 340 975 340 948 948 141 111 30 1288 320 848 320 718 718 126 60 66 1038 78
102 331 102 461 461 0 0 0 563 389 987 389 907 907 0 0 0 1296 746 2195 746 2203 2203 53 50 3 2949 309 1066 309 1118 1118 96 79 17 1427 265 885 265 776 776 127 69 58 1041 79
110 329 110 482 482 0 0 0 592 357 1015 357 961 961 0 0 0 1318 701 2207 701 2245 2245 59 56 3 2946 332 1025 332 992 992 102 84 18 1324 305 858 305 755 755 131 70 61 1060 80
99 324 99 464 464 0 0 0 563 340 1049 341 923 923 0 0 0 1264 728 2209 728 2274 2274 59 56 3 3002 359 1001 359 1084 1084 62 54 8 1443 287 882 287 720 720 119 63 56 1007 81
114 340 114 464 464 0 0 0 578 344 1089 344 995 995 0 0 0 1339 747 2202 747 2238 2238 30 28 2 2985 336 1038 336 1105 1105 109 101 8 1441 309 881 309 749 749 120 66 54 1058 82
107 322 107 477 477 0 0 0 584 370 1045 370 965 965 1 1 0 1335 737 2180 737 2253 2253 72 67 5 2990 346 1029 346 1054 1054 126 105 21 1400 318 878 318 706 706 105 69 36 1024 83
112 328 112 490 490 0 0 0 602 349 1052 349 925 925 0 0 0 1274 735 2241 735 2387 2387 74 70 4 3122 342 1033 342 993 993 84 72 12 1335 292 875 292 735 735 131 77 54 1027 84
96 319 96 477 477 0 0 0 573 335 1033 335 943 943 0 0 0 1278 694 2120 694 2239 2239 69 65 4 2933 326 996 326 934 934 94 74 20 1260 280 842 280 718 718 117 64 53 998 85
115 339 115 481 481 0 0 0 596 335 1056 335 969 969 0 0 0 1304 744 2202 745 2329 2329 76 71 5 3074 333 1048 333 1018 1018 87 74 13 1351 291 893 291 741 741 124 71 53 1032 86
119 316 119 491 491 0 0 0 610 356 1052 356 941 941 0 0 0 1297 706 2233 706 2261 2261 72 69 3 2967 341 1012 341 1050 1050 120 96 24 1391 288 884 288 755 755 105 64 41 1043 87
114 328 114 486 486 0 0 0 600 371 1087 371 948 948 0 0 0 1319 795 2224 796 2350 2350 40 39 1 3146 354 1051 354 1054 1054 103 82 21 1408 298 883 298 735 735 125 63 62 1033 88
95 311 95 518 518 0 0 0 613 317 1025 317 921 921 0 0 0 1238 676 2160 676 2152 2152 88 84 4 2828 322 1003 322 1032 1032 96 83 13 1354 271 857 271 734 734 119 59 60 1005 89
119 316 119 476 476 0 0 0 595 370 1045 370 931 931 0 0 0 1301 734 2207 734 2259 2259 56 52 4 2993 367 1034 367 1072 1072 92 71 21 1439 286 893 286 758 758 124 61 63 1044 90
109 332 109 466 466 0 0 0 575 362 1059 362 975 975 0 0 0 1337 779 2203 779 2277 2277 84 76 8 3056 359 1065 359 1092 1092 99 86 13 1451 296 902 296 752 752 125 72 53 1048 91
103 311 103 420 420 0 0 0 523 378 1023 378 920 920 0 0 0 1298 785 2233 785 2344 2344 50 46 4 3129 328 1074 328 1076 1076 129 110 19 1404 299 885 299 767 767 122 71 51 1066 92
106 324 106 452 452 0 0 0 558 343 997 343 929 929 0 0 0 1272 715 2173 715 2243 2243 50 46 4 2958 331 1025 331 1075 1075 120 101 19 1406 280 863 280 684 684 111 63 48 964 93
112 321 112 524 524 0 0 0 636 340 1087 340 965 965 0 0 0 1305 745 2221 745 2279 2279 57 54 3 3024 335 1067 335 999 999 130 105 25 1334 311 883 312 812 812 141 69 72 1124 94
107 334 107 456 456 0 0 0 563 351 1069 351 990 990 0 0 0 1341 712 2255 713 2368 2368 69 66 3 3081 338 1055 338 1075 1075 103 87 16 1413 303 891 303 715 715 122 69 53 1018 95
114 324 114 435 435 0 0 0 549 374 1024 374 900 900 0 0 0 1274 751 2156 751 2276 2276 91 87 4 3027 367 997 367 1031 1031 103 89 14 1398 287 873 287 733 733 115 56 59 1020 96
112 326 112 480 480 0 0 0 592 392 1035 392 965 965 0 0 0 1357 755 2189 755 2322 2322 66 59 7 3077 350 1061 350 1027 1027 79 67 12 1377 306 915 306 733 733 91 53 38 1039 97
117 342 117 466 466 0 0 0 583 381 1048 381 928 928 0 0 0 1309 784 2275 784 2339 2339 41 41 0 3123 354 1080 354 1105 1105 104 86 18 1459 313 897 314 804 804 127 79 48 1118 98
105 333 105 463 463 0 0 0 568 365 1063 365 971 971 0 0 0 1336 750 2189 750 2307 2307 64 61 3 3057 337 1057 337 1062 1062 99 76 23 1399 304 871 304 711 711 109 57 52 1015 99
